148 66
149 66
150 66
151 66
152 66
153 66
154 66
155 66
156 66
157 66
158 66
159 66
191 66
192 66
193 66
194 66
195 66
196 66
197 66
198 66
199 66
318 85
319 85
320 85
321 85
322 85
323 85
324 85
325 85
326 85
327 85
328 85
329 85
330 85
331 85
332 85
333 85
334 85
335 85
336 85
337 85
338 85
339 85
340 85
341 85
342 85
343 85
344 85
345 85
346 85
347 85
348 85
349 85
361 85
362 85
363 85
364 85
365 85
366 85
367 85
368 85
369 85
370 85
371 85
372 85
373 85
374 85
375 85
376 85
377 85
378 85
379 85
380 85
381 85
382 85
461 77
462 77
463 77
464 77
465 77
466 77
467 77
468 77
469 77
470 77
471 77
472 77
473 77
474 77
475 77
476 77
477 77
478 77
479 77
480 77
481 77
482 77
483 77
484 77
485 77
486 77
487 77
488 77
489 77
490 77
491 77
492 77
493 77
494 77
495 77
496 77
497 77
498 77
499 77
500 77
501 77
502 77
503 77
504 77
505 77
506 77
507 77
508 77
509 77
510 77
511 77
512 77
513 77
514 77
515 77
516 77
517 77
518 77
519 77
520 77
521 77
522 77
523 77
524 77
525 77
526 77
527 77
528 77
529 77
530 77
531 77
532 77
533 77
534 77
535 77
536 77
537 77
538 77
539 77
540 77
541 77
542 77
543 77
544 77
545 77
546 77
547 77
548 77
549 77
550 77
551 77
552 77
553 77
554 77
555 77
556 77
557 77
558 77
559 77
560 77
561 77
562 77
563 77
564 77
565 77
566 77
567 77
568 77
569 77
570 77
571 77
572 77
573 77
574 77
575 77
576 77
577 77
578 77
579 77
580 77
581 77
582 77
583 77
584 77
585 77
586 77
618 74
619 74
620 74
621 74
622 74
623 74
624 74
625 74
626 74
627 74
628 74
629 74
630 74
631 74
632 74
633 74
634 74
635 74
636 74
637 74
638 74
639 74
640 74
641 74
642 74
643 74
644 74
645 74
646 74
647 74
648 74
649 74
650 74
651 74
652 74
653 74
654 74
655 74
656 74
657 74
658 74
659 74
660 74
661 74
662 74
663 74
664 74
665 74
666 74
667 74
668 74
669 74
670 74
671 74
672 74
673 74
674 74
675 74
676 74
677 74
678 74
679 74
680 74
681 74
682 74
683 74
701 74
702 74
703 74
704 74
705 74
706 74
707 74
708 74
709 74
710 74
711 74
712 74
713 74
714 74
715 74
716 74
717 74
718 74
719 74
720 74
721 74
722 74
723 74
724 74
725 74
726 74
727 74
728 74
729 74
730 74
731 74
732 74
733 74
734 74
735 74
765 74
766 74
767 74
768 74
769 74
770 74
771 74
772 74
773 74
774 74
775 74
776 74
777 74
778 74
779 74
780 74
781 74
782 74
783 74
784 74
785 74
786 74
787 74
788 74
789 74
790 74
791 74
792 74
793 74
794 74
795 74
796 74
797 74
798 74
799 74
800 74
801 74
802 74
803 74
804 74
805 74
806 74
807 74
808 74
809 74
810 74
811 74
812 74
813 74
814 74
815 74
816 74
817 74
818 74
819 74
820 74
821 74
869 85
870 85
871 85
872 85
873 85
874 85
875 85
876 85
877 85
878 85
879 85
880 85
881 85
882 85
883 85
884 85
885 85
886 85
887 85
888 85
889 85
890 85
891 85
892 85
893 85
894 85
895 85
896 85
897 85
898 85
899 85
900 85
901 85
902 85
903 85
904 85
905 85
906 85
907 85
908 85
909 85
910 85
911 85
912 85
913 85
914 85
915 85
916 85
917 85
918 85
919 85
920 85
921 85
922 85
923 85
924 85
925 85
926 85
927 85
928 85
929 85
930 85
931 85
932 85
933 85
934 85
935 85
936 85
937 85
938 85
939 85
940 85
941 85
942 85
943 85
944 85
945 85
946 85
947 85
996 85
997 85
998 85
999 85
1000 85
1001 85
1002 85
1003 85
1004 85
1005 85
1006 85
1007 85
1008 85
1009 85
1010 85
1011 85
1012 85
1013 85
1014 85
1015 85
1016 85
1017 85
1018 85
1019 85
1020 85
1021 85
1022 85
1023 85
1024 85
1025 85
1026 85
1027 85
1028 85
1029 85
1030 85
1031 85
1032 85
1033 85
1034 85
1035 85
1036 85
1037 85
1038 85
1039 85
1040 85
1041 85
1042 85
1043 85
1044 85
1045 85
1046 85
1047 85
1048 85
1049 85
1050 85
1051 85
1052 85
1053 85
1054 85
1055 85
1056 85
1057 85
1058 85
1059 85
1060 85
1061 85
1062 85
1063 85
1064 85
1065 85
1066 85
1067 85
1068 85
1069 85
1070 85
1071 85
1072 85
1073 85
1074 85
1075 85
1076 85
1077 85
1078 85
1079 85
1080 85
1081 85
1082 85
1083 85
1084 85
1085 85
1086 85
1087 85
1088 85
1089 85
1090 85
1091 85
1092 85
1093 85
1160 75
1161 75
1162 75
1163 75
1164 75
1165 75
1166 75
1167 75
1168 75
1169 75
1170 75
1171 75
1172 75
1173 75
1174 75
1175 75
1176 75
1177 75
1178 75
1179 75
1180 75
1181 75
1182 75
1183 75
1184 75
1185 75
1186 75
1187 75
1188 75
1189 75
1190 75
1191 75
1192 75
1193 75
1194 75
1195 75
1196 75
1197 75
1198 75
1199 75
1200 75
1201 75
1202 75
1203 75
1204 75
1205 75
1206 75
1207 75
1208 75
1209 75
1210 75
1211 75
1212 75
1213 75
1214 75
1215 75
1216 75
1217 75
1218 75
1219 75
1220 75
1221 75
1222 75
1223 75
1224 75
1225 75
1226 75
1227 75
1228 75
1229 75
1230 75
1231 75
1232 75
1233 75
1234 75
1235 75
1236 75
1237 75
1238 75
1239 75
1240 75
1241 75
1242 75
1243 75
1244 75
1245 75
1246 75
1247 75
1248 75
1249 75
1250 75
1251 75
1252 75
1253 75
1254 75
1255 75
1256 75
1257 75
1258 75
1259 75
1260 75
1261 75
1262 75
1263 75
1264 75
1265 75
1266 75
1267 75
1268 75
1269 75
1270 75
1271 75
1272 75
1273 75
1274 75
1275 75
1276 75
1277 75
1278 75
1279 75
1280 75
1281 75
1282 75
1283 75
1284 75
1285 75
1286 75
1287 75
1288 75
1289 75
1290 75
1291 75
1292 75
1293 75
1294 75
1295 75
1296 75
1297 75
1298 75
1299 75
1300 75
1301 75
1302 75
1303 75
1304 75
1305 75
1306 75
1307 75
1308 75
1397 75
1398 75
1399 75
1400 75
1401 75
1402 75
1403 75
1404 75
1405 75
1406 75
1407 75
1408 75
1409 75
1410 75
1411 75
1412 75
1413 75
1414 75
1415 75
1416 75
1417 75
1418 75
1419 75
1420 75
1421 75
1422 75
1423 75
1424 75
1425 75
1426 75
1427 75
1428 75
1429 75
1430 75
1431 75
1432 75
1433 75
1434 75
1435 75
1436 75
1437 75
1438 75
1439 75
1440 75
1441 75
1442 75
1443 75
1444 75
1445 75
1446 75
1447 75
1448 75
1449 75
1450 75
1451 75
1452 75
1453 75
1454 75
1455 75
1456 75
1457 75
1458 75
1459 75
1460 75
1461 75
1462 75
1463 75
1464 75
1465 75
1466 75
1467 75
1468 75
1469 75
1470 75
1471 75
1472 75
1473 75
1474 75
1475 75
1476 75
1477 75
1478 75
1479 75
1480 75
1481 75
1482 75
1483 75
1484 75
1485 75
1486 75
1487 75
1488 75
1489 75
1490 75
1491 75
1492 75
1493 75
1494 75
1495 75
1496 75
1497 75
1498 75
1499 75
1500 75
1501 75
1502 75
1503 75
1504 75
1505 75
1506 75
1507 75
1508 75
1509 75
1510 75
1511 75
1512 75
1513 75
1514 75
1515 75
1516 75
1517 75
1518 75
1519 75
1520 75
1521 75
1522 75
1523 75
1524 75
1525 75
1526 75
1527 75
1528 75
1529 75
1530 75
1531 75
1532 75
1533 75
1534 75
1535 75
1536 75
1537 75
1538 75
1539 75
1540 75
1541 75
1542 75
1543 75
1544 75
1545 75
1546 75
1547 75
1548 75
1549 75
1550 75
1551 75
1552 75
1553 75
1554 75
1555 75
1556 75
1557 75
1558 75
1559 75
1560 75
1561 75
1562 75
1563 75
1564 75
1565 75
1566 75
1567 75
1568 75
1569 75
1570 75
1571 75
1572 75
1573 75
1574 75
1575 75
1576 75
1577 75
1578 75
1579 75
1580 75
1581 75
1582 75
1583 75
1584 75
1585 75
1586 75
1587 75
1588 75
1589 75
1590 75
1591 75
1592 75
1593 75
1594 75
1595 75
1596 75
1597 75
1598 75
1599 75
1600 75
1601 75
1602 75
1603 75
1604 75
1605 75
1606 75
1607 75
1608 75
1609 75
1610 75
1611 75
1612 75
1613 75
1614 75
1615 75
1616 75
1617 75
1618 75
1619 75
1620 75
1621 75
1622 75
1623 75
1624 75
1625 75
1626 75
1627 75
1628 75
1629 75
1630 75
1631 75
1632 75
1633 75
1634 75
1635 75
1636 75
1637 75
1638 75
1639 75
1640 75
1641 75
1642 75
1643 75
1644 75
1645 75
1646 75
1647 75
1648 75
1649 75
1650 75
1651 75
1652 75
1653 75
1654 75
1655 75
1656 75
1657 75
1658 75
1659 75
1660 75
1661 75
1662 75
1663 75
1664 75
1665 75
1666 75
1667 75
1668 75
1669 75
1670 75
1671 75
1672 75
1673 75
1674 75
1675 75
1676 75
1677 75
1678 75
1679 75
1680 75
1681 75
1682 75
1683 75
1684 75
1685 75
1686 75
1687 75
1688 75
1689 75
1690 75
1691 75
1692 75
1693 75
1694 75
1695 75
1696 75
1697 75
1698 75
1699 75
1700 75
1701 75
1702 75
1703 75
1704 75
1705 75
1706 75
1707 75
1708 75
1709 75
1710 75
1711 75
1712 75
1713 75
1714 75
1715 75
1716 75
1717 75
1718 75
1719 75
1720 75
1721 75
1722 75
1723 75
1724 75
1725 75
1726 75
1727 75
1728 75
1729 75
1730 75
1731 75
1732 75
1733 75
1734 75
1735 75
1736 75
1737 75
1738 75
1739 75
1740 75
1741 75
1742 75
1743 75
1744 75
1745 75
1746 75
1747 75
1748 75
1749 75
1750 75
1751 75
1752 75
1753 75
1754 75
1755 75
1756 75
1757 75
1758 75
1759 75
1760 75
1761 75
1762 75
1763 75
1764 75
1765 75
1766 75
1767 75
1768 75
1769 75
1770 75
1771 75
1772 75
1773 75
1774 75
1775 75
1776 75
1777 75
1778 75
1779 75
1780 75
1781 75
1782 75
1783 75
1784 75
1785 75
1786 75
1787 75
1788 75
1789 75
1790 75
1791 75
1792 75
1793 75
1794 75
1795 75
1796 75
1797 75
1798 75
1799 75
1800 75
1801 75
1802 75
1803 75
1804 75
1805 75
1806 75
1807 75
1808 75
1809 75
1810 75
1811 75
1812 75
1813 75
1814 75
1815 75
1816 75
1817 75
1818 75
1819 75
1820 75
1821 75
1822 75
1823 75
1824 75
1825 75
1826 75
1827 75
1828 75
1829 75
1830 75
1831 75
1832 75
1833 75
1834 75
1835 75
1836 75
1837 75
1838 75
1839 75
1840 75
1841 75
1842 75
1843 75
1844 75
1845 75
1846 75
1847 75
1848 75
1849 75
1850 75
1851 75
1852 75
1853 75
1854 75
1855 75
1905 75
1906 75
1907 75
1908 75
1909 75
1910 75
1911 75
1912 75
1913 75
1914 75
1915 75
1916 75
1917 75
1918 75
1919 75
1920 75
1921 75
1922 75
1923 75
1924 75
1925 75
1926 75
1927 75
1928 75
1929 75
1930 75
1931 75
1932 75
1933 75
1934 75
1935 75
1936 75
1937 75
1938 75
1939 75
1940 75
1941 75
1942 75
1943 75
1944 75
1945 75
1946 75
1947 75
1948 75
1949 75
1950 75
1951 75
1952 75
1953 75
1954 75
1955 75
1956 75
1957 75
1958 75
1959 75
1960 75
1961 75
1962 75
1963 75
1964 75
1965 75
1966 75
1967 75
1968 75
1969 75
1970 75
1971 75
1972 75
1973 75
1974 75
1975 75
1976 75
1977 75
1978 75
1979 75
1980 75
1981 75
1982 75
1983 75
1984 75
1985 75
1986 75
1987 75
1988 75
1989 75
1990 75
1991 75
1992 75
1993 75
1994 75
1995 75
1996 75
1997 75
1998 75
1999 75
2000 75
2001 75
2002 75
2003 75
2004 75
2005 75
2006 75
2007 75
2008 75
2009 75
2010 75
2011 75
2012 75
2013 75
2014 75
2015 75
2016 75
2017 75
2018 75
2019 75
2020 75
2021 75
2022 75
2023 75
2024 75
2025 75
2026 75
2027 75
2028 75
2029 75
2030 75
2031 75
2032 75
2033 75
2034 75
2035 75
2036 75
2037 75
2038 75
2039 75
2040 75
2041 75
2042 75
2043 75
2044 75
2045 75
2046 75
2047 75
2048 75
2049 75
2050 75
2051 75
2052 75
2053 75
2054 75
2055 75
2056 75
2057 75
2058 75
2059 75
2060 75
2061 75
2062 75
2063 75
2064 75
2065 75
2066 75
2067 75
2068 75
2069 75
2070 75
2071 75
2072 75
2073 75
2074 75
2075 75
2076 75
2077 75
2078 75
2079 75
2080 75
2081 75
2082 75
2083 75
2084 75
2085 75
2086 75
2087 75
2088 75
2089 75
2090 75
2091 75
2092 75
2093 75
2094 75
2095 75
2096 75
2097 75
2098 75
2099 75
2100 75
2101 75
2102 75
2103 75
2104 75
2105 75
2106 75
2107 75
2108 75
2109 75
2110 75
2111 75
2112 75
2113 75
2114 75
2115 75
2116 75
2117 75
2118 75
2119 75
2120 75
2121 75
2122 75
2123 75
2124 75
2125 75
2126 75
2127 75
2128 75
2129 75
2130 75
2131 75
2132 75
2133 75
2134 75
2135 75
2136 75
2137 75
2138 75
2139 75
2140 75
2141 75
2142 75
2143 75
2144 75
2145 75
2146 75
2147 75
2148 75
2149 75
2150 75
2151 75
2152 75
2153 75
2154 75
2155 75
2156 75
2157 75
2158 75
2159 75
2160 75
2161 75
2162 75
2163 75
2164 75
2165 75
2166 75
2167 75
2168 75
2169 75
2170 75
2171 75
2172 75
2173 75
2174 75
2175 75
2176 75
2177 75
2178 75
2179 75
2180 75
2181 75
2182 75
2183 75
2184 75
2185 75
2186 75
2187 75
2188 75
2189 75
2190 75
2191 75
2192 75
2193 75
2194 75
2195 75
2196 75
2197 75
2198 75
2199 75
2200 75
2201 75
2202 75
2203 75
2204 75
2205 75
2206 75
2207 75
2208 75
2209 75
2210 75
2211 75
2212 75
2213 75
2214 75
2215 75
2216 75
2217 75
2218 75
2219 75
2220 75
2221 75
2222 75
2223 75
2224 75
2225 75
2226 75
2227 75
2228 75
2229 75
2230 75
2231 75
2232 75
2233 75
2234 75
2235 75
2236 75
2237 75
2238 75
2239 75
2240 75
2241 75
2242 75
2243 75
2244 75
2245 75
2246 75
2247 75
2248 75
2249 75
2250 75
2251 75
2252 75
2253 75
2254 75
2255 75
2256 75
2257 75
2258 75
2259 75
2260 75
2261 75
2262 75
2263 75
2264 75
2265 75
2266 75
2267 75
2268 75
2269 75
2270 75
2271 75
2272 75
2273 75
2274 75
2275 75
2276 75
2277 75
2278 75
2279 75
2280 75
2281 75
2282 75
2283 75
2284 75
2285 75
2286 75
2287 75
2288 75
2289 75
2290 75
2291 75
2292 75
2293 75
2294 75
2295 75
2296 75
2297 75
2298 75
2299 75
2300 75
2301 75
2302 75
2303 75
2304 75
2305 75
2306 75
2307 75
2308 75
2309 75
2310 75
2311 75
2312 75
2313 75
2314 75
2315 75
2316 75
2317 75
2318 75
2319 75
2320 75
2321 75
2322 75
2323 75
2324 75
2325 75
2326 75
2327 75
2328 75
2329 75
2330 75
2331 75
2332 75
2333 75
2334 75
2335 75
2336 75
2337 75
2338 75
2339 75
2340 75
2341 75
2342 75
2343 75
2344 75
2345 75
2346 75
2347 75
2348 75
2349 75
2350 75
2351 75
2352 75
2353 75
2354 75
2355 75
2356 75
2357 75
2358 75
2359 75
2360 75
2361 75
2362 75
2363 75
2404 73
2405 73
2406 73
2407 73
2408 73
2409 73
2410 73
2411 73
2412 73
2413 73
2414 73
2415 73
2416 73
2417 73
2418 73
2419 73
2420 73
2421 73
2422 73
2423 73
2424 73
2425 73
2426 73
2427 73
2428 73
2429 73
2430 73
2431 73
2432 73
2433 73
2434 73
2435 73
2436 73
2437 73
2438 73
2439 73
2440 73
2441 73
2442 73
2443 73
2444 73
2445 73
2446 73
2447 73
2448 73
2449 73
2450 73
2451 73
2452 73
2453 73
2454 73
2455 73
2456 73
2457 73
2458 73
2459 73
2460 73
2461 73
2462 73
2463 73
2464 73
2465 73
2466 73
2467 73
2468 73
2469 73
2470 73
2471 73
2472 73
2473 73
2474 73
2475 73
2476 73
2477 73
2478 73
2479 73
2480 73
2481 73
2482 73
2483 73
2484 73
2485 73
2486 73
2487 73
2488 73
2489 73
2490 73
2491 73
2492 73
2493 73
2494 73
2495 73
2496 73
2497 73
2498 73
2499 73
2500 73
2501 73
2502 73
2503 73
2504 73
2505 73
2506 73
2507 73
2508 73
2509 73
2510 73
2511 73
2512 73
2513 73
2514 73
2515 73
2516 73
2517 73
2518 73
2519 73
2520 73
2521 73
2522 73
2523 73
2524 73
2525 73
2526 73
2527 73
2528 73
2529 73
2530 73
2531 73
2532 73
2533 73
2534 73
2535 73
2536 73
2537 73
2538 73
2539 73
2540 73
2541 73
2542 73
2543 73
2544 73
2545 73
2546 73
2547 73
2548 73
2549 73
2550 73
2551 73
2552 73
2553 73
2554 73
2555 73
2556 73
2557 73
2558 73
2559 73
2560 73
2561 73
2562 73
2563 73
2564 73
2565 73
2566 73
2567 73
2568 73
2569 73
2570 73
2571 73
2572 73
2573 73
2574 73
2575 73
2576 73
2577 73
2578 73
2579 73
2580 73
2581 73
2582 73
2583 73
2584 73
2585 73
2586 73
2587 73
2588 73
2589 73
2590 73
2591 73
2592 73
2593 73
2594 73
2595 73
2596 73
2597 73
2598 73
2599 73
2600 73
2601 73
2602 73
2603 73
2604 73
2605 73
2606 73
2607 73
2608 73
2609 73
2610 73
2611 73
2612 73
2613 73
2614 73
2615 73
2616 73
2617 73
2618 73
2619 73
2620 73
2621 73
2622 73
2623 73
2624 73
2625 73
2626 73
2627 73
2628 73
2629 73
2630 73
2631 73
2632 73
2633 73
2634 73
2635 73
2636 73
2637 73
2638 73
2639 73
2640 73
2641 73
2644 74
2645 74
2646 74
2647 74
2648 74
2649 74
2650 74
2651 74
2652 74
2653 74
2654 74
2655 74
2656 74
2657 74
2658 74
2659 74
2660 74
2661 74
2662 74
2663 74
2664 74
2665 74
2666 74
2667 74
2668 74
2669 74
2670 74
2671 74
2672 74
2673 74
2674 74
2675 74
2676 74
2677 74
2678 74
2679 74
2680 74
2681 74
2682 74
2683 74
2684 74
2685 74
2686 74
2687 74
2688 74
2689 74
2690 74
2691 74
2692 74
2693 74
2694 74
2695 74
2696 74
2697 74
2698 74
2699 74
2700 74
2701 74
2702 74
2703 74
2704 74
2705 74
2706 74
2707 74
2708 74
2709 74
2710 74
2711 74
2712 74
2713 74
2714 74
2715 74
2716 74
2717 74
2718 74
2719 74
2720 74
2721 74
2722 74
2723 74
2724 74
2725 74
2726 74
2727 74
2728 74
2729 74
2730 74
2731 74
2732 74
2733 74
2734 74
2735 74
2736 74
2737 74
2738 74
2739 74
2740 74
2741 74
2742 74
2743 74
2744 74
2745 74
2746 74
2747 74
2748 74
2749 74
2750 74
2751 74
2752 74
2753 74
2754 74
2755 74
2756 74
2757 74
2758 74
2759 74
2760 74
2761 74
2762 74
2763 74
2764 74
2765 74
2766 74
2767 74
2768 74
2769 74
2770 74
2771 74
2772 74
2773 74
2774 74
2775 74
2776 74
2777 74
2778 74
2779 74
2780 74
2781 74
2782 74
2783 74
2784 74
2785 74
2786 74
2787 74
2788 74
2789 74
2790 74
2791 74
2792 74
2793 74
2794 74
2795 74
2796 74
2797 74
2798 74
2799 74
2800 74
2801 74
2802 74
2803 74
2804 74
2805 74
2806 74
2807 74
2808 74
2809 74
2810 74
2811 74
2812 74
2813 74
2814 74
2815 74
2816 74
2817 74
2818 74
2819 74
2820 74
2821 74
2822 74
2823 74
2824 74
2825 74
2826 74
2827 74
2828 74
2829 74
2830 74
2831 74
2832 74
2833 74
2834 74
2835 74
2836 74
2837 74
2838 74
2839 74
2840 74
2841 74
2842 74
2843 74
2844 74
2845 74
2846 74
2847 74
2848 74
2849 74
2850 74
2851 74
2852 74
2853 74
2854 74
2855 74
2856 74
2857 74
2858 74
2859 74
2860 74
2861 74
2862 74
2863 74
2864 74
2865 74
2866 74
2867 74
2868 74
2869 74
2870 74
2871 74
2872 74
2873 74
2874 74
2875 74
2876 74
2877 74
2878 74
2879 74
2880 74
2881 74
2882 74
2883 74
2884 74
2885 74
2886 74
2887 74
2888 74
2889 74
2890 74
2891 74
2892 74
2893 74
2894 74
2895 74
2896 74
2897 74
2898 74
2899 74
2900 74
2901 74
2902 74
2903 74
2904 74
2905 74
2906 74
2907 74
2908 74
2909 74
2910 74
2911 74
2912 74
2913 74
2914 74
2915 74
2916 74
2917 74
2918 74
2919 74
2920 74
2921 74
2922 74
2923 74
2924 74
2925 74
2926 74
2927 74
2928 74
2929 74
2930 74
2931 74
2932 74
2933 74
2934 74
2935 74
2936 74
2937 74
2938 74
2939 74
2940 74
2941 74
2942 74
2943 74
2944 74
2945 74
2946 74
2947 74
2948 74
2949 74
2950 74
2951 74
2952 74
2953 74
2954 74
2955 74
2956 74
2957 74
2958 74
2959 74
2960 74
2961 74
2962 74
2963 74
2964 74
2965 74
2966 74
2967 74
2968 74
2969 74
2970 74
2971 74
2972 74
2973 74
2974 74
2975 74
2976 74
2977 74
2978 74
2979 74
2980 74
2981 74
2982 74
2983 74
2984 74
2985 74
2986 74
2987 74
2988 74
2989 74
2990 74
2991 74
2992 74
2993 74
2994 74
2995 74
2996 74
2997 74
2998 74
2999 74
3000 74
3001 74
3002 74
3003 74
3004 74
3005 74
3006 74
3007 74
3008 74
3009 74
3010 74
3011 74
3012 74
3013 74
3014 74
3015 74
3016 74
3017 74
3018 74
3019 74
3020 74
3021 74
3022 74
3023 74
3024 74
3025 74
3026 74
3027 74
3028 74
3029 74
3030 74
3031 74
3032 74
3033 74
3034 74
3035 74
3036 74
3037 74
3038 74
3039 74
3040 74
3041 74
3042 74
3043 74
3044 74
3045 74
3046 74
3047 74
3048 74
3049 74
3050 74
3051 74
3052 74
3053 74
3054 74
3055 74
3056 74
3057 74
3058 74
3059 74
3060 74
3061 74
3062 74
3063 74
3064 74
3065 74
3066 74
3067 74
3068 74
3069 74
3070 74
3071 74
3072 74
3073 74
3074 74
3075 74
3076 74
3077 74
3078 74
3079 74
3080 74
3081 74
3082 74
3083 74
3084 74
3085 74
3086 74
3087 74
3088 74
3089 74
3090 74
3091 74
3092 74
3093 74
3094 74
3095 74
3096 74
3097 74
3098 74
3099 74
3100 74
3101 74
3102 74
3103 74
3104 74
3105 74
3106 74
3107 74
3108 74
3109 74
3110 74
3111 74
3112 74
3113 74
3114 74
3115 74
3116 74
3117 74
3118 74
3119 74
3120 74
3121 74
3122 74
3123 74
3124 74
3125 74
3126 74
3127 74
3128 74
3129 74
3130 74
3131 74
3132 74
3133 74
3134 74
3135 74
3136 74
3137 74
3138 74
3139 74
3140 74
3141 74
3142 74
3143 74
3144 74
3145 74
3146 74
3147 74
3148 74
3149 74
3150 74
3151 74
3152 74
3153 74
3154 74
3155 74
3156 74
3157 74
3158 74
3159 74
3160 74
3161 74
3162 74
3163 74
3164 74
3165 74
3166 74
3167 74
3168 74
3169 74
3170 74
3171 74
3172 74
3173 74
3174 74
3175 74
3176 74
3177 74
3178 74
3179 74
3180 74
3181 74
3182 74
3183 74
3184 74
3185 74
3186 74
3187 74
3188 74
3189 74
3190 74
3191 74
3192 74
3193 74
3194 74
3195 74
3196 74
3197 74
3198 74
3199 74
3200 74
3201 74
3202 74
3203 74
3204 74
3205 74
3206 74
3207 74
3208 74
3209 74
3210 74
3211 74
3212 74
3213 74
3214 74
3215 74
3216 74
3217 74
3218 74
3219 74
3220 74
3221 74
3222 74
3223 74
3224 74
3225 74
3226 74
3227 74
3228 74
3229 74
3230 74
3231 74
3232 74
3233 74
3234 74
3235 74
3236 74
3237 74
3238 74
3239 74
3240 74
3241 74
3242 74
3243 74
3244 74
3245 74
3246 74
3247 74
3248 74
3249 74
3250 74
3251 74
3252 74
3253 74
3254 74
3255 74
3256 74
3257 74
3258 74
3259 74
3260 74
3261 74
3262 74
3263 74
3264 74
3265 74
3266 74
3267 74
3268 74
3269 74
3270 74
3271 74
3272 74
3273 74
3274 74
3275 74
3276 74
3277 74
3278 74
3279 74
3280 74
3281 74
3282 74
3283 74
3284 74
3285 74
3286 74
3287 74
3288 74
3289 74
3290 74
3291 74
3292 74
3293 74
3294 74
3295 74
3296 74
3297 74
3298 74
3299 74
3300 74
3301 74
3302 74
3303 74
3304 74
3305 74
3306 74
3307 74
3308 74
3309 74
3310 74
3311 74
3312 74
3313 74
3314 74
3315 74
3316 74
3317 74
3318 74
3319 74
3320 74
3321 74
3322 74
3323 74
3324 74
3325 74
3326 74
3327 74
3328 74
3329 74
3330 74
3331 74
3332 74
3333 74
3334 74
3335 74
3336 74
3337 74
3338 74
3339 74
3340 74
3341 74
3342 74
3343 74
3344 74
3345 74
3346 74
3347 74
3348 74
3349 74
3350 74
3351 74
3352 74
3353 74
3354 74
3355 74
3356 74
3357 74
3358 74
3359 74
3360 74
3361 74
3362 74
3363 74
3364 74
3365 74
3366 74
3367 74
3368 74
3369 74
3370 74
3371 74
3372 74
3373 74
3374 74
3375 74
3376 74
3377 74
3378 74
3379 74
3380 74
3381 74
3382 74
3383 74
3384 74
3385 74
3386 74
3387 74
3388 74
3389 74
3390 74
3391 74
3392 74
3393 74
3394 74
3395 74
3396 74
3397 74
3398 74
3399 74
3400 74
3401 74
3402 74
3403 74
3404 74
3405 74
3406 74
3407 74
3408 74
3409 74
3410 74
3411 74
3412 74
3413 74
3414 74
3415 74
3416 74
3417 74
3418 74
3419 74
3420 74
3421 74
3422 74
3423 74
3424 74
3425 74
3426 74
3427 74
3428 74
3429 74
3430 74
3431 74
3432 74
3433 74
3434 74
3435 74
3436 74
3437 74
3438 74
3439 74
3440 74
3441 74
3442 74
3443 74
3444 74
3445 74
3446 74
3447 74
3448 74
3449 74
3450 74
3451 74
3452 74
3453 74
3454 74
3455 74
3456 74
3457 74
3458 74
3459 74
3460 74
3461 74
3462 74
3463 74
3464 74
3465 74
3466 74
3467 74
3468 74
3469 74
3470 74
3471 74
3472 74
3473 74
3474 74
3475 74
3476 74
3477 74
3478 74
3479 74
3480 74
3481 74
3482 74
3483 74
3484 74
3485 74
3486 74
3487 74
3488 74
3489 74
3490 74
3491 74
3492 74
3493 74
3494 74
3495 74
3496 74
3497 74
3498 74
3499 74
3500 74
3501 74
3502 74
3503 74
3504 74
3505 74
3506 74
3507 74
3508 74
3509 74
3510 74
3511 74
3534 85
3535 85
3536 85
3537 85
3538 85
3539 85
3540 85
3541 85
3542 85
3543 85
3544 85
3545 85
3546 85
3547 85
3548 85
3549 85
3550 85
3551 85
3552 85
3553 85
3554 85
3555 85
3556 85
3557 85
3558 85
3559 85
3560 85
3561 85
3562 85
3563 85
3564 85
3565 85
3566 85
3567 85
3568 85
3569 85
3570 85
3571 85
3572 85
3573 85
3574 85
3575 85
3576 85
3577 85
3578 85
3579 85
3580 85
3581 85
3582 85
3583 85
3584 85
3585 85
3586 85
3587 85
3588 85
3589 85
3590 85
3591 85
3592 85
3593 85
3594 85
3595 85
3596 85
3597 85
3598 85
3599 85
3600 85
3601 85
3602 85
3664 78
3665 78
3666 78
3667 78
3668 78
3669 78
3670 78
3671 78
3672 78
3673 78
3674 78
3675 78
3676 78
3677 78
3678 78
3679 78
3680 78
3681 78
3682 78
3683 78
3684 78
3685 78
3686 78
3687 78
3688 78
3689 78
3690 78
3691 78
3692 78
3693 78
3694 78
3695 78
3696 78
3719 78
3720 78
3721 78
3722 78
3723 78
3724 78
3725 78
3726 78
3727 78
3728 78
3729 78
3730 78
3731 78
3732 78
3733 78
3734 78
3735 78
3736 78
3737 78
3738 78
3739 78
3740 78
3741 78
3742 78
3743 78
3744 78
3745 78
3746 78
3747 78
3748 78
3749 78
3750 78
3751 78
3752 78
3753 78
3754 78
3755 78
3756 78
3757 78
3758 78
3759 78
3760 78
3761 78
3762 78
3763 78
3764 78
3765 78
3766 78
3767 78
3768 78
3769 78
3770 78
3771 78
3772 78
3773 78
3774 78
3775 78
3776 78
3777 78
3778 78
3779 78
3780 78
3781 78
3782 78
3783 78
3784 78
3821 78
3822 78
3823 78
3824 78
3825 78
3826 78
3827 78
3828 78
3829 78
3847 74
3848 74
3849 74
3850 74
3851 74
3852 74
3853 74
3854 74
3855 74
3856 74
3857 74
3858 74
3859 74
3860 74
3861 74
3862 74
3863 74
3864 74
3865 74
3866 74
3867 74
3868 74
3869 74
3870 74
3871 74
3872 74
3873 74
3874 74
3875 74
3876 74
3877 74
3878 74
3879 74
3880 74
3881 74
3882 74
3883 74
3884 74
3885 74
3886 74
3887 74
3888 74
3889 74
3890 74
3891 74
3892 74
3893 74
3894 74
3895 74
3896 74
3897 74
3898 74
3899 74
3900 74
3901 74
3902 74
3903 74
3904 74
3905 74
3906 74
3907 74
3908 74
3909 74
3910 74
3911 74
3912 74
3913 74
3914 74
3915 74
3916 74
3917 74
3918 74
3919 74
3920 74
3977 78
3978 78
3979 78
3980 78
3981 78
3982 78
3983 78
3984 78
3985 78
3986 78
3987 78
3988 78
4012 74
4013 74
4014 74
4015 74
4016 74
4017 74
4018 74
4019 74
4020 74
4021 74
4022 74
4023 74
4024 74
4025 74
4026 74
4027 74
4028 74
4029 74
4030 74
4031 74
4032 74
4033 74
4034 74
4035 74
4036 74
4037 74
4038 74
4039 74
4040 74
4041 74
4070 74
4071 74
4072 74
4073 74
4074 74
4075 74
4076 74
4077 74
4078 74
4079 74
4080 74
4081 74
4082 74
4083 74
4084 74
4085 74
4086 74
4087 74
4088 74
4115 74
4116 74
4117 74
4118 74
4119 74
4120 74
4121 74
4122 74
4123 74
4124 74
4125 74
4126 74
4127 74
4128 74
4129 74
4130 74
4131 74
4132 74
4133 74
4134 74
4135 74
4136 74
4137 74
4138 74
4139 74
4140 74
4141 74
4142 74
4143 74
4144 74
4145 74
4146 74
4147 74
4148 74
4149 74
4172 74
4173 74
4174 74
4175 74
4176 74
4177 74
4178 74
4179 74
4180 74
4181 74
4182 74
4183 74
4184 74
4185 74
4186 74
4187 74
4188 74
4189 74
4190 74
4191 74
4192 74
4193 74
4194 74
4195 74
4196 74
4197 74
4198 74
4199 74
4200 74
4201 74
4202 74
4203 74
4241 85
4242 85
4243 85
4244 85
4245 85
4246 85
4247 85
4248 85
4249 85
4250 85
4251 85
4252 85
4253 85
4254 85
4255 85
4256 85
4257 85
4258 85
4259 85
4260 85
4261 85
4262 85
4263 85
4264 85
4265 85
4266 85
4267 85
4268 85
4269 85
4270 85
4271 85
4272 85
4273 85
4274 85
4275 85
4276 85
4277 85
4278 85
4279 85
4280 85
4281 85
4282 85
4283 85
4284 85
4285 85
4286 85
4287 85
4288 85
4289 85
4290 85
4291 85
4292 85
4293 85
4294 85
4295 85
4296 85
4297 85
4315 85
4316 85
4317 85
4318 85
4319 85
4320 85
4321 85
4322 85
4323 85
4324 85
4325 85
4326 85
4327 85
4328 85
4329 85
4330 85
4331 85
4332 85
4333 85
4334 85
4335 85
4336 85
4337 85
4338 85
4339 85
4340 85
4341 85
4373 85
4374 85
4375 85
4376 85
4377 85
4378 85
4379 85
4380 85
4381 85
4382 85
4383 85
4384 85
4385 85
4386 85
4387 85
4388 85
4389 85
4390 85
4391 85
4392 85
4393 85
4394 85
4395 85
4396 85
4397 85
4398 85
4399 85
4400 85
4401 85
4402 85
4439 85
4440 85
4441 85
4442 85
4443 85
4444 85
4445 85
4446 85
4447 85
4448 85
4449 85
4450 85
4451 85
4452 85
4467 85
4468 85
4469 85
4470 85
4471 85
4472 85
4473 85
4474 85
4475 85
4476 85
4477 85
4478 85
4479 85
4480 85
4513 85
4514 85
4515 85
4516 85
4517 85
4518 85
4519 85
4561 85
4562 85
4563 85
4564 85
4565 85
4566 85
4643 75
4644 75
4645 75
4646 75
4647 75
4648 75
4649 75
4650 75
4651 75
4652 75
4653 75
4654 75
4655 75
4656 75
4657 75
4658 75
4659 75
4660 75
4661 75
4662 75
4663 75
4664 75
4665 75
4666 75
4667 75
4668 75
4669 75
4670 75
4671 75
4672 75
4673 75
4674 75
4675 75
4676 75
4677 75
4678 75
4701 75
4702 75
4703 75
4704 75
4705 75
4706 75
4707 75
4708 75
4709 75
4710 75
4711 75
4712 75
4713 75
4714 75
4715 75
4716 75
4717 75
4718 75
4719 75
4720 75
4721 75
4722 75
4723 75
4724 75
4725 75
4726 75
4727 75
4728 75
4729 75
4730 75
4731 75
4732 75
4733 75
4734 75
4735 75
4736 75
4737 75
4738 75
4761 75
4762 75
4763 75
4764 75
4765 75
4766 75
4767 75
4768 75
4769 75
4770 75
4771 75
4772 75
4773 75
4774 75
4775 75
4776 75
4777 75
4778 75
4779 75
4780 75
4781 75
4782 75
4783 75
4784 75
4785 75
4786 75
4787 75
4788 75
4789 75
4835 75
4836 75
4837 75
4838 75
4839 75
4840 75
4841 75
4842 75
4843 75
4844 75
4845 75
4846 75
4847 75
4848 75
4849 75
4850 75
4851 75
4852 75
4853 75
4854 75
4855 75
4856 75
4857 75
4858 75
4859 75
4860 75
4861 75
4862 75
4863 75
4864 75
4865 75
4866 75
4867 75
4868 75
4869 75
4870 75
4871 75
4872 75
5078 75
5079 75
5080 75
5081 75
5082 75
5083 75
5084 75
5085 75
5086 75
5087 75
5088 75
5089 75
5090 75
5091 75
5092 75
5093 75
5094 75
5095 75
5096 75
5097 75
5098 75
5099 75
5100 75
5101 75
5102 75
5103 75
5104 75
5105 75
5106 75
5107 75
5108 75
5109 75
5110 75
5111 75
5112 75
5113 75
5114 75
5115 75
5116 75
5117 75
5118 75
5119 75
5120 75
5121 75
5122 75
5123 75
5124 75
5125 75
5126 75
5127 75
5128 75
5129 75
5130 75
5131 75
5132 75
5133 75
5134 75
5135 75
5136 75
5137 75
5138 75
5139 75
5140 75
5141 75
5142 75
5143 75
5144 75
5145 75
5146 75
5147 75
5148 75
5149 75
5150 75
5151 75
5152 75
5153 75
5154 75
5155 75
5156 75
5157 75
5158 75
5159 75
5160 75
5161 75
5162 75
5163 75
5164 75
5165 75
5276 75
5277 75
5278 75
5279 75
5280 75
5281 75
5282 75
5283 75
5284 75
5285 75
5286 75
5287 75
5288 75
5289 75
5290 75
5291 75
5292 75
5293 75
5294 75
5295 75
5296 75
5297 75
5298 75
5299 75
5300 75
5301 75
5302 75
5303 75
5304 75
5305 75
5306 75
5307 75
5308 75
5309 75
5310 75
5311 75
5312 75
5313 75
5314 75
5315 75
5316 75
5317 75
5318 75
5319 75
5320 75
5321 75
5322 75
5323 75
5324 75
5325 75
5326 75
5327 75
5328 75
5329 75
5330 75
5331 75
5332 75
5448 75
5449 75
5450 75
5451 75
5452 75
5453 75
5454 75
5455 75
5456 75
5457 75
5458 75
5459 75
5460 75
5461 75
5462 75
5463 75
5464 75
5465 75
5466 75
5467 75
5468 75
5469 75
5470 75
5471 75
5472 75
5473 75
5474 75
5475 75
5476 75
5477 75
5478 75
5479 75
5480 75
5481 75
5482 75
5483 75
5484 75
5485 75
5486 75
5487 75
5488 75
5489 75
5490 75
5491 75
5492 75
5493 75
5494 75
5495 75
5496 75
5497 75
5498 75
5499 75
5500 75
5501 75
5502 75
5503 75
5504 75
5839 75
5840 75
5841 75
5842 75
5843 75
5844 75
5845 75
5846 75
5847 75
5848 75
5849 75
5850 75
5851 75
5852 75
5853 75
5854 75
5855 75
5856 75
5900 75
5901 75
5902 75
5903 75
5904 75
5905 75
5906 75
5907 75
5908 75
5909 75
5910 75
5911 75
5912 75
5913 75
5914 75
5915 75
5916 75
5970 75
5971 75
5972 75
5973 75
5974 75
5975 75
5976 75
5977 75
5978 75
5979 75
5980 75
5981 75
5982 75
5983 75
5984 75
5985 75
5986 75
5987 75
5988 75
6029 75
6030 75
6031 75
6032 75
6033 75
6034 75
6035 75
6036 75
6037 75
6038 75
6039 75
6040 75
6041 75
6042 75
6043 75
6044 75
6045 75
6046 75
6047 75
6048 75
6092 73
6093 73
6094 73
6095 73
6096 73
6097 73
6098 73
6099 73
6100 73
6101 73
6102 73
6103 73
6104 73
6105 73
6106 73
6107 73
6108 73
6109 73
6110 73
6111 73
6112 73
6113 73
6114 73
6115 73
6116 73
6117 73
6118 73
6119 73
6120 73
6121 73
6122 73
6123 73
6124 73
6125 73
6126 73
6127 73
6128 73
6129 73
6130 73
6131 73
6132 73
6133 73
6134 73
6135 73
6136 73
6137 73
6138 73
6139 73
6140 73
6141 73
6142 73
6143 73
6144 73
6145 73
6146 73
6147 73
6148 73
6149 73
6150 73
6151 73
6152 73
6153 73
6154 73
6155 73
6156 73
6157 73
6158 73
6159 73
6160 73
6161 73
6162 73
6163 73
6164 73
6165 73
6166 73
6167 73
6168 73
6169 73
6170 73
6171 73
6172 73
6173 73
6174 73
6175 73
6176 73
6177 73
6178 73
6179 73
6180 73
6181 73
6182 73
6183 73
6184 73
6185 73
6186 73
6187 73
6188 73
6189 73
6190 73
6191 73
6192 73
6193 73
6194 73
6211 73
6212 73
6213 73
6214 73
6215 73
6216 73
6217 73
6218 73
6219 73
6220 73
6221 73
6222 73
6223 73
6224 73
6225 73
6226 73
6227 73
6228 73
6229 73
6230 73
6231 73
6232 73
6233 73
6234 73
6235 73
6236 73
6237 73
6238 73
6239 73
6240 73
6241 73
6242 73
6243 73
6244 73
6245 73
6246 73
6247 73
6248 73
6249 73
6250 73
6251 73
6252 73
6253 73
6254 73
6255 73
6256 73
6274 74
6275 74
6276 74
6277 74
6278 74
6279 74
6280 74
6281 74
6282 74
6283 74
6284 74
6285 74
6286 74
6287 74
6288 74
6289 74
6290 74
6291 74
6292 74
6293 74
6294 74
6295 74
6296 74
6297 74
6298 74
6299 74
6300 74
6301 74
6302 74
6303 74
6304 74
6305 74
6306 74
6307 74
6308 74
6309 74
6310 74
6311 74
6312 74
6313 74
6314 74
6315 74
6316 74
6317 74
6318 74
6319 74
6320 74
6321 74
6322 74
6323 74
6324 74
6325 74
6326 74
6327 74
6328 74
6329 74
6330 74
6331 74
6332 74
6333 74
6334 74
6335 74
6336 74
6337 74
6338 74
6339 74
6340 74
6341 74
6342 74
6343 74
6344 74
6345 74
6346 74
6347 74
6348 74
6349 74
6350 74
6351 74
6352 74
6353 74
6354 74
6355 74
6356 74
6357 74
6358 74
6359 74
6360 74
6361 74
6362 74
6363 74
6364 74
6365 74
6366 74
6367 74
6368 74
6369 74
6370 74
6371 74
6372 74
6373 74
6374 74
6375 74
6376 74
6377 74
6378 74
6379 74
6380 74
6381 74
6382 74
6383 74
6384 74
6385 74
6386 74
6387 74
6388 74
6389 74
6390 74
6391 74
6392 74
6393 74
6394 74
6395 74
6396 74
6397 74
6398 74
6399 74
6400 74
6401 74
6402 74
6403 74
6404 74
6405 74
6406 74
6407 74
6408 74
6409 74
6410 74
6411 74
6412 74
6413 74
6414 74
6415 74
6416 74
6417 74
6418 74
6419 74
6420 74
6421 74
6422 74
6423 74
6424 74
6425 74
6426 74
6427 74
6428 74
6429 74
6430 74
6431 74
6432 74
6433 74
6434 74
6435 74
6436 74
6437 74
6438 74
6439 74
6440 74
6441 74
6442 74
6443 74
6444 74
6445 74
6446 74
6447 74
6448 74
6449 74
6450 74
6451 74
6452 74
6453 74
6454 74
6455 74
6456 74
6457 74
6458 74
6459 74
6460 74
6461 74
6462 74
6463 74
6464 74
6465 74
6466 74
6467 74
6468 74
6469 74
6470 74
6471 74
6472 74
6473 74
6474 74
6475 74
6476 74
6477 74
6478 74
6479 74
6480 74
6481 74
6482 74
6483 74
6484 74
6485 74
6486 74
6487 74
6488 74
6489 74
6524 74
6525 74
6526 74
6527 74
6528 74
6529 74
6530 74
6531 74
6532 74
6533 74
6534 74
6535 74
6536 74
6537 74
6538 74
6539 74
6540 74
6541 74
6542 74
6543 74
6544 74
6545 74
6546 74
6547 74
6548 74
6598 74
6599 74
6600 74
6601 74
6602 74
6603 74
6604 74
6605 74
6606 74
6607 74
6608 74
6609 74
6610 74
6611 74
6630 85
6631 85
6632 85
6633 85
6634 85
6635 85
6636 85
6637 85
6638 85
6659 74
6660 74
6661 74
6662 74
6663 74
6664 74
6665 74
6666 74
6667 74
6668 74
6669 74
6670 74
6671 74
6672 74
6673 74
6674 74
6675 74
6676 74
6710 78
6711 78
6712 78
6713 78
6714 78
6715 78
6716 78
6717 78
6718 78
6719 78
6720 78
6721 78
6722 78
6723 78
6724 78
6725 78
6726 78
6727 78
6728 78
6729 78
6730 78
6731 78
6732 78
6733 78
6734 78
6735 78
6736 78
6737 78
6738 78
6739 78
6740 78
6741 78
6742 78
6743 78
6744 78
6745 78
6746 78
6747 78
6748 78
6749 78
6750 78
6751 78
6752 78
6753 78
6754 78
6755 78
6756 78
6757 78
6758 78
6759 78
6771 78
6772 78
6773 78
6774 78
6775 78
6776 78
6777 78
6778 78
6779 78
6780 78
6781 78
6782 78
6783 78
6784 78
6785 78
6786 78
6787 78
6788 78
6789 78
6790 78
6791 78
6792 78
6793 78
6833 74
6834 74
6835 74
6836 74
6837 74
6838 74
6839 74
6840 74
6841 74
6842 74
6843 74
6844 74
6845 74
6846 74
6847 74
6848 74
6849 74
6850 74
6851 74
6852 74
6853 74
6854 74
6855 74
6856 74
6857 74
6858 74
6859 74
6860 74
6861 74
6862 74
6863 74
6864 74
6865 74
6888 74
6889 74
6890 74
6891 74
6892 74
6893 74
6894 74
6895 74
6896 74
6897 74
6898 74
6899 74
6900 74
6901 74
6902 74
6903 74
6904 74
6905 74
6906 74
6907 74
6908 74
6909 74
6910 74
6911 74
6912 74
6913 74
6914 74
6956 74
6957 74
6958 74
6959 74
6960 74
6961 74
6962 74
6963 74
6964 74
6965 74
6966 74
6967 74
6968 74
6969 74
6970 74
6971 74
6972 74
6973 74
6974 74
6975 74
6976 74
7084 74
7085 74
7086 74
7087 74
7088 74
7089 74
7090 74
7091 74
7092 74
7093 74
7094 74
7095 74
7096 74
7097 74
7098 74
7099 74
7100 74
7101 74
7102 74
7103 74
7140 74
7141 74
7142 74
7143 74
7144 74
7145 74
7146 74
7147 74
7148 74
7149 74
7150 74
7151 74
7152 74
7153 74
7154 74
