190 66
191 66
192 66
193 66
234 66
235 66
236 66
237 66
238 66
345 85
346 85
347 85
348 85
349 85
350 85
351 85
352 85
353 85
354 85
355 85
356 85
357 85
358 85
359 85
360 85
361 85
362 85
377 85
378 85
379 85
380 85
381 85
382 85
383 85
384 85
385 85
386 85
387 85
388 85
389 85
390 85
391 85
392 85
393 85
406 85
407 85
408 85
409 85
410 85
411 85
412 85
413 85
414 85
415 85
416 85
417 85
418 85
439 85
440 85
441 85
442 85
443 85
444 85
445 85
446 85
447 85
471 74
472 74
473 74
474 74
475 74
476 74
477 74
478 74
479 74
480 74
481 74
482 74
483 74
484 74
485 74
486 74
487 74
488 74
489 74
490 74
491 74
492 74
493 74
494 74
495 74
496 74
592 74
593 74
594 74
595 74
596 74
597 74
598 74
599 74
600 74
601 74
602 74
603 74
604 74
605 74
606 74
607 74
608 74
609 74
610 74
627 74
628 74
629 74
630 74
631 74
632 74
633 74
634 74
635 74
636 74
637 74
638 74
639 74
640 74
641 74
642 74
643 74
672 74
673 74
674 74
675 74
676 74
677 74
678 74
679 74
680 74
681 74
682 74
683 74
684 74
685 74
686 74
687 74
688 74
689 74
749 74
750 74
751 74
752 74
753 74
754 74
755 74
756 74
757 74
758 74
759 74
760 74
761 74
762 74
763 74
764 74
765 74
766 74
767 74
768 74
769 74
788 74
789 74
790 74
791 74
792 74
793 74
794 74
795 74
796 74
797 74
798 74
799 74
800 74
801 74
802 74
803 74
804 74
805 74
806 74
807 74
847 74
848 74
849 74
850 74
851 74
852 74
853 74
854 74
855 74
856 74
857 74
858 74
859 74
860 74
861 74
862 74
879 74
880 74
881 74
882 74
883 74
884 74
885 74
886 74
887 74
888 74
889 74
890 74
915 74
916 74
917 74
918 74
919 74
920 74
921 74
922 74
923 74
924 74
963 74
964 74
965 74
966 74
967 74
968 74
969 74
970 74
971 74
972 74
973 74
992 85
993 85
994 85
995 85
996 85
997 85
998 85
999 85
1000 85
1001 85
1002 85
1003 85
1004 85
1005 85
1006 85
1007 85
1008 85
1009 85
1010 85
1011 85
1012 85
1013 85
1014 85
1015 85
1016 85
1017 85
1018 85
1019 85
1020 85
1051 85
1052 85
1053 85
1054 85
1055 85
1056 85
1057 85
1058 85
1059 85
1060 85
1061 85
1062 85
1063 85
1064 85
1065 85
1066 85
1067 85
1068 85
1069 85
1070 85
1071 85
1072 85
1073 85
1074 85
1096 85
1097 85
1098 85
1099 85
1100 85
1101 85
1102 85
1103 85
1104 85
1105 85
1106 85
1107 85
1108 85
1109 85
1110 85
1111 85
1112 85
1113 85
1114 85
1115 85
1116 85
1117 85
1137 85
1138 85
1139 85
1140 85
1141 85
1142 85
1143 85
1144 85
1145 85
1146 85
1147 85
1148 85
1149 85
1150 85
1151 85
1152 85
1153 85
1154 85
1155 85
1156 85
1189 85
1190 85
1191 85
1192 85
1193 85
1194 85
1195 85
1196 85
1197 85
1198 85
1199 85
1200 85
1209 85
1210 85
1211 85
1212 85
1213 85
1214 85
1215 85
1216 85
1217 85
1218 85
1219 85
1220 85
1221 85
1222 85
1223 85
1224 85
1225 85
1226 85
1227 85
1228 85
1229 85
1246 85
1247 85
1248 85
1249 85
1250 85
1251 85
1252 85
1253 85
1254 85
1255 85
1256 85
1257 85
1258 85
1259 85
1260 85
1261 85
1262 85
1263 85
1264 85
1265 85
1266 85
1267 85
1268 85
1269 85
1290 85
1291 85
1292 85
1293 85
1294 85
1295 85
1296 85
1297 85
1298 85
1299 85
1300 85
1301 85
1302 85
1303 85
1304 85
1314 85
1315 85
1316 85
1317 85
1318 85
1319 85
1320 85
1321 85
1322 85
1323 85
1324 85
1325 85
1326 85
1327 85
1328 85
1329 85
1330 85
1331 85
1332 85
1333 85
1357 85
1358 85
1359 85
1360 85
1361 85
1362 85
1363 85
1364 85
1365 85
1366 85
1367 85
1368 85
1369 85
1370 85
1371 85
1372 85
1373 85
1374 85
1375 85
1376 85
1408 85
1409 85
1410 85
1411 85
1412 85
1413 85
1414 85
1415 85
1416 85
1417 85
1428 85
1429 85
1430 85
1431 85
1432 85
1433 85
1434 85
1435 85
1436 85
1437 85
1438 85
1439 85
1440 85
1451 85
1452 85
1453 85
1454 85
1455 85
1456 85
1457 85
1458 85
1459 85
1460 85
1461 85
1462 85
1484 85
1485 85
1486 85
1487 85
1488 85
1489 85
1503 75
1504 75
1505 75
1506 75
1507 75
1508 75
1509 75
1510 75
1511 75
1512 75
1513 75
1514 75
1515 75
1516 75
1517 75
1518 75
1519 75
1520 75
1521 75
1522 75
1523 75
1524 75
1525 75
1526 75
1527 75
1528 75
1529 75
1530 75
1531 75
1532 75
1533 75
1534 75
1535 75
1536 75
1537 75
1538 75
1539 75
1540 75
1541 75
1542 75
1543 75
1544 75
1545 75
1546 75
1547 75
1548 75
1549 75
1550 75
1551 75
1552 75
1553 75
1554 75
1555 75
1568 75
1569 75
1570 75
1571 75
1572 75
1573 75
1574 75
1575 75
1576 75
1577 75
1578 75
1579 75
1580 75
1581 75
1582 75
1583 75
1584 75
1585 75
1586 75
1603 75
1604 75
1605 75
1606 75
1607 75
1608 75
1609 75
1610 75
1611 75
1612 75
1613 75
1614 75
1615 75
1616 75
1617 75
1633 75
1634 75
1635 75
1636 75
1637 75
1638 75
1639 75
1640 75
1641 75
1642 75
1643 75
1644 75
1645 75
1646 75
1675 75
1676 75
1677 75
1678 75
1679 75
1680 75
1681 75
1682 75
1683 75
1684 75
1716 75
1717 75
1718 75
1719 75
1720 75
1721 75
1722 75
1723 75
1724 75
1725 75
1726 75
1771 75
1772 75
1773 75
1774 75
1775 75
1776 75
1777 75
1778 75
1779 75
1790 75
1791 75
1792 75
1793 75
1794 75
1795 75
1796 75
1797 75
1798 75
1799 75
1800 75
1801 75
1802 75
1803 75
1804 75
1805 75
1806 75
1831 75
1832 75
1833 75
1834 75
1835 75
1836 75
1837 75
1838 75
1839 75
1840 75
1841 75
1842 75
1843 75
1844 75
1845 75
1846 75
1847 75
1848 75
1849 75
1850 75
1851 75
1891 75
1892 75
1893 75
1894 75
1895 75
1896 75
1897 75
1898 75
1899 75
1900 75
1901 75
1902 75
1903 75
1904 75
1905 75
1919 75
1920 75
1921 75
1922 75
1923 75
1924 75
1925 75
1926 75
1927 75
1928 75
1929 75
1930 75
1931 75
1932 75
1933 75
1934 75
1935 75
1936 75
1937 75
1938 75
1939 75
1940 75
1941 75
1942 75
1972 75
1973 75
1974 75
1975 75
1976 75
1977 75
1978 75
1979 75
1980 75
1981 75
1982 75
1983 75
1984 75
1985 75
1986 75
1987 75
1988 75
1989 75
1990 75
1991 75
2018 75
2019 75
2020 75
2021 75
2022 75
2023 75
2024 75
2025 75
2026 75
2027 75
2028 75
2029 75
2030 75
2031 75
2032 75
2033 75
2034 75
2045 75
2046 75
2047 75
2048 75
2049 75
2050 75
2051 75
2052 75
2053 75
2054 75
2055 75
2056 75
2057 75
2058 75
2059 75
2060 75
2061 75
2062 75
2063 75
2064 75
2065 75
2066 75
2067 75
2068 75
2069 75
2070 75
2071 75
2103 75
2104 75
2105 75
2106 75
2107 75
2108 75
2109 75
2110 75
2111 75
2112 75
2113 75
2114 75
2115 75
2116 75
2117 75
2118 75
2119 75
2120 75
2121 75
2122 75
2123 75
2124 75
2160 75
2161 75
2162 75
2163 75
2164 75
2165 75
2166 75
2167 75
2168 75
2169 75
2170 75
2171 75
2172 75
2173 75
2174 75
2175 75
2176 75
2177 75
2178 75
2211 75
2212 75
2213 75
2214 75
2215 75
2216 75
2217 75
2218 75
2219 75
2220 75
2221 75
2222 75
2223 75
2224 75
2225 75
2226 75
2227 75
2228 75
2260 75
2261 75
2262 75
2263 75
2264 75
2265 75
2266 75
2267 75
2268 75
2269 75
2270 75
2271 75
2272 75
2273 75
2274 75
2323 75
2324 75
2325 75
2326 75
2327 75
2328 75
2329 75
2330 75
2331 75
2332 75
2333 75
2334 75
2335 75
2336 75
2337 75
2338 75
2339 75
2340 75
2341 75
2342 75
2343 75
2361 75
2362 75
2363 75
2364 75
2365 75
2366 75
2367 75
2368 75
2369 75
2370 75
2371 75
2372 75
2373 75
2374 75
2375 75
2376 75
2377 75
2378 75
2379 75
2393 75
2394 75
2395 75
2396 75
2397 75
2398 75
2399 75
2400 75
2401 75
2402 75
2403 75
2404 75
2405 75
2406 75
2407 75
2408 75
2409 75
2410 75
2411 75
2412 75
2413 75
2414 75
2415 75
2416 75
2417 75
2418 75
2437 75
2438 75
2439 75
2440 75
2441 75
2442 75
2443 75
2444 75
2445 75
2446 75
2447 75
2448 75
2449 75
2450 75
2451 75
2452 75
2453 75
2454 75
2455 75
2456 75
2457 75
2458 75
2459 75
2460 75
2461 75
2462 75
2463 75
2464 75
2482 75
2483 75
2484 75
2485 75
2486 75
2487 75
2488 75
2489 75
2490 75
2491 75
2492 75
2493 75
2494 75
2495 75
2496 75
2497 75
2498 75
2499 75
2500 75
2501 75
2502 75
2503 75
2504 75
2505 75
2506 75
2507 75
2508 75
2520 75
2521 75
2522 75
2523 75
2524 75
2525 75
2526 75
2527 75
2528 75
2529 75
2530 75
2531 75
2532 75
2533 75
2534 75
2535 75
2536 75
2537 75
2538 75
2539 75
2561 73
2562 73
2563 73
2564 73
2565 73
2566 73
2567 73
2568 73
2569 73
2570 73
2571 73
2572 73
2573 73
2574 73
2575 73
2576 73
2577 73
2578 73
2579 73
2580 73
2581 73
2582 73
2583 73
2584 73
2585 73
2586 73
2587 73
2588 73
2589 73
2590 73
2591 73
2592 73
2593 73
2594 73
2595 73
2596 73
2597 73
2598 73
2599 73
2600 73
2610 73
2611 73
2612 73
2613 73
2614 73
2615 73
2616 73
2617 73
2618 73
2619 73
2620 73
2621 73
2622 73
2623 73
2624 73
2625 73
2626 73
2627 73
2628 73
2629 73
2630 73
2631 73
2632 73
2633 73
2634 73
2635 73
2636 73
2646 73
2647 73
2648 73
2649 73
2650 73
2651 73
2652 73
2653 73
2654 73
2655 73
2656 73
2657 73
2658 73
2659 73
2660 73
2661 73
2671 73
2672 73
2673 73
2674 73
2675 73
2676 73
2677 73
2678 73
2679 73
2680 73
2681 73
2682 73
2683 73
2684 73
2693 73
2694 73
2695 73
2696 73
2697 73
2698 73
2699 73
2700 73
2701 73
2702 73
2703 73
2704 73
2705 73
2706 73
2707 73
2708 73
2709 73
2710 73
2711 73
2712 73
2713 73
2714 73
2715 73
2716 73
2717 73
2718 73
2719 73
2720 73
2721 73
2722 73
2723 73
2724 73
2735 73
2736 73
2737 73
2738 73
2739 73
2740 73
2741 73
2742 73
2743 73
2744 73
2745 73
2746 73
2747 73
2761 75
2762 75
2763 75
2764 75
2765 75
2766 75
2767 75
2768 75
2769 75
2770 75
2771 75
2772 75
2773 75
2774 75
2775 75
2789 73
2790 73
2791 73
2792 73
2793 73
2794 73
2795 73
2796 73
2797 73
2798 73
2799 73
2800 73
2801 73
2802 73
2803 73
2804 73
2805 73
2806 73
2807 73
2808 73
2809 73
2810 73
2811 73
2812 73
2813 73
2814 73
2815 73
2816 73
2817 73
2818 73
2819 73
2820 73
2821 73
2822 73
2823 73
2824 73
2825 73
2826 73
2827 73
2828 73
2829 73
2840 73
2841 73
2842 73
2843 73
2844 73
2845 73
2846 73
2847 73
2848 73
2849 73
2850 73
2851 73
2852 73
2853 73
2854 73
2855 73
2856 73
2857 73
2858 73
2859 73
2860 73
2861 73
2862 73
2863 73
2864 73
2865 73
2866 73
2867 73
2868 73
2869 73
2870 73
2871 73
2872 73
2873 73
2874 73
2875 73
2876 73
2877 73
2878 73
2879 73
2880 73
2881 73
2882 73
2883 73
2884 73
2894 73
2895 73
2896 73
2897 73
2898 73
2899 73
2900 73
2901 73
2902 73
2903 73
2904 73
2905 73
2906 73
2907 73
2908 73
2909 73
2910 73
2911 73
2912 73
2913 73
2914 73
2915 73
2916 73
2917 73
2918 73
2919 73
2920 73
2921 73
2934 73
2935 73
2936 73
2937 73
2938 73
2939 73
2940 73
2941 73
2942 73
2943 73
2944 73
2945 73
2946 73
2947 73
2948 73
2949 73
2950 73
2951 73
2952 73
2953 73
2954 73
2955 73
2956 73
2957 73
2958 73
2959 73
2960 73
2961 73
2962 73
2963 73
2964 73
2965 73
2966 73
2967 73
2968 73
2969 73
2981 73
2982 73
2983 73
2984 73
2985 73
2986 73
2987 73
2988 73
2989 73
2990 73
2991 73
2992 73
2993 73
2994 73
2995 73
2996 73
2997 73
2998 73
2999 73
3000 73
3001 73
3002 73
3003 73
3004 73
3005 73
3006 73
3007 73
3008 73
3009 73
3010 73
3011 73
3012 73
3013 73
3014 73
3015 73
3016 73
3017 73
3018 73
3019 73
3020 73
3021 73
3022 73
3023 73
3024 73
3025 73
3026 73
3027 73
3028 73
3029 73
3030 73
3031 73
3043 73
3044 73
3045 73
3046 73
3047 73
3048 73
3049 73
3050 73
3051 73
3052 73
3053 73
3054 73
3055 73
3056 73
3057 73
3058 73
3059 73
3060 73
3090 73
3091 73
3092 73
3093 73
3094 73
3095 73
3096 73
3097 73
3098 73
3099 73
3100 73
3101 73
3102 73
3103 73
3104 73
3105 73
3106 73
3107 73
3125 73
3126 73
3127 73
3128 73
3129 73
3130 73
3131 73
3132 73
3133 73
3134 73
3135 73
3136 73
3137 73
3138 73
3139 73
3140 73
3141 73
3142 73
3143 73
3144 73
3145 73
3146 73
3147 73
3166 75
3167 75
3168 75
3169 75
3170 75
3171 75
3172 75
3173 75
3174 75
3175 75
3176 75
3177 75
3178 75
3194 73
3195 73
3196 73
3197 73
3198 73
3199 73
3200 73
3201 73
3202 73
3203 73
3204 73
3205 73
3206 73
3207 73
3208 73
3209 73
3210 73
3211 73
3212 73
3213 73
3214 73
3215 73
3216 73
3217 73
3218 73
3219 73
3220 73
3221 73
3237 73
3238 73
3239 73
3240 73
3241 73
3242 73
3243 73
3244 73
3245 73
3246 73
3247 73
3248 73
3249 73
3250 73
3251 73
3368 74
3369 74
3370 74
3371 74
3372 74
3373 74
3374 74
3375 74
3376 74
3377 74
3378 74
3379 74
3380 74
3381 74
3390 74
3391 74
3392 74
3393 74
3394 74
3395 74
3396 74
3397 74
3398 74
3399 74
3400 74
3401 74
3402 74
3403 74
3404 74
3405 74
3406 74
3407 74
3408 74
3409 74
3410 74
3411 74
3412 74
3413 74
3414 74
3415 74
3416 74
3417 74
3418 74
3467 74
3468 74
3469 74
3470 74
3471 74
3472 74
3473 74
3474 74
3475 74
3476 74
3477 74
3478 74
3479 74
3480 74
3481 74
3482 74
3483 74
3484 74
3485 74
3486 74
3501 74
3502 74
3503 74
3504 74
3505 74
3506 74
3507 74
3508 74
3509 74
3510 74
3511 74
3512 74
3513 74
3514 74
3515 74
3516 74
3517 74
3518 74
3531 74
3532 74
3533 74
3534 74
3535 74
3536 74
3537 74
3538 74
3539 74
3540 74
3541 74
3542 74
3543 74
3544 74
3545 74
3546 74
3547 74
3548 74
3549 74
3550 74
3551 74
3552 74
3553 74
3554 74
3599 74
3600 74
3601 74
3602 74
3603 74
3604 74
3605 74
3606 74
3607 74
3608 74
3609 74
3610 74
3611 74
3612 74
3616 74
3617 74
3618 74
3619 74
3620 74
3621 74
3622 74
3623 74
3624 74
3625 74
3626 74
3627 74
3628 74
3629 74
3630 74
3644 74
3645 74
3646 74
3647 74
3648 74
3649 74
3650 74
3651 74
3652 74
3653 74
3654 74
3655 74
3656 74
3657 74
3658 74
3659 74
3660 74
3661 74
3662 74
3663 74
3793 74
3794 74
3795 74
3796 74
3797 74
3798 74
3799 74
3800 74
3801 74
3802 74
3803 74
3804 74
3805 74
3819 74
3820 74
3821 74
3822 74
3823 74
3824 74
3825 74
3826 74
3827 74
3828 74
3829 74
3830 74
3831 74
3832 74
3906 75
3907 75
3908 75
3909 75
3910 75
3911 75
3912 75
3913 75
3914 75
3915 75
3916 75
3917 75
4261 73
4262 73
4263 73
4264 73
4265 73
4266 73
4267 73
4268 73
4269 73
4270 73
4271 73
4272 73
4273 73
4274 73
4275 73
4276 73
4277 73
4278 73
4279 73
4280 73
4281 73
4282 73
4283 73
4284 73
4285 73
4286 73
4326 75
4327 75
4328 75
4329 75
4330 75
4331 75
4332 75
4333 75
4334 75
4335 75
4336 75
4337 75
4338 75
4339 75
4340 75
4341 75
4342 75
4343 75
4344 75
4345 75
4346 75
4347 75
4348 75
4349 75
4350 75
4351 75
4352 75
4353 75
4354 75
4367 75
4368 75
4369 75
4370 75
4371 75
4372 75
4373 75
4374 75
4375 75
4376 75
4377 75
4378 75
4379 75
4380 75
4381 75
4382 75
4383 75
4384 75
4385 75
4386 75
4387 75
4388 75
4407 73
4408 73
4409 73
4410 73
4411 73
4412 73
4413 73
4414 73
4415 73
4416 73
4417 73
4418 73
4419 73
4420 73
4421 73
4422 73
4423 73
4424 73
4425 73
4426 73
4427 73
4428 73
4429 73
4430 73
4431 73
4432 73
4433 73
4434 73
4435 73
4436 73
4437 73
4446 73
4447 73
4448 73
4449 73
4450 73
4451 73
4452 73
4453 73
4454 73
4455 73
4456 73
4471 75
4472 75
4473 75
4474 75
4475 75
4476 75
4477 75
4478 75
4479 75
4480 75
4481 75
4482 75
4483 75
4484 75
4485 75
4486 75
4487 75
4488 75
4489 75
4504 73
4505 73
4506 73
4507 73
4508 73
4509 73
4510 73
4511 73
4512 73
4513 73
4514 73
4515 73
4516 73
4517 73
4518 73
4519 73
4520 73
4521 73
4522 73
4523 73
4524 73
4525 73
4526 73
4527 73
4528 73
4529 73
4530 73
4531 73
4532 73
4533 73
4534 73
4546 73
4547 73
4548 73
4549 73
4550 73
4551 73
4552 73
4553 73
4554 73
4555 73
4556 73
4557 73
4575 75
4576 75
4577 75
4578 75
4579 75
4580 75
4581 75
4582 75
4583 75
4584 75
4585 75
4586 75
4587 75
4588 75
4589 75
4590 75
4591 75
4592 75
4593 75
