123 66
124 66
125 66
126 66
127 66
178 85
179 85
180 85
181 85
182 85
183 85
184 85
185 85
186 85
187 85
188 85
189 85
190 85
191 85
199 85
200 85
201 85
202 85
203 85
204 85
205 85
206 85
207 85
208 85
209 85
210 85
211 85
212 85
213 85
214 85
215 85
216 85
217 85
218 85
219 85
220 85
221 85
222 85
223 85
224 85
225 85
226 85
227 85
228 85
229 85
230 85
231 85
247 85
248 85
249 85
250 85
251 85
252 85
253 85
254 85
255 85
280 74
281 74
282 74
283 74
284 74
285 74
286 74
287 74
288 74
289 74
290 74
291 74
292 74
293 74
294 74
295 74
296 74
297 74
298 74
299 74
300 74
301 74
302 74
303 74
304 74
305 74
306 74
307 74
308 74
309 74
310 74
311 74
312 74
313 74
314 74
315 74
316 74
317 74
318 74
319 74
320 74
321 74
322 74
323 74
324 74
325 74
326 74
364 74
365 74
366 74
367 74
368 74
369 74
370 74
371 74
372 74
373 74
383 74
384 74
385 74
386 74
387 74
388 74
389 74
390 74
391 74
392 74
393 74
394 74
395 74
396 74
397 74
398 74
399 74
436 74
437 74
438 74
439 74
440 74
441 74
442 74
443 74
444 74
454 74
455 74
456 74
457 74
458 74
459 74
460 74
461 74
462 74
463 74
464 74
465 74
475 74
476 74
477 74
478 74
479 74
480 74
481 74
482 74
483 74
484 74
485 74
486 74
487 74
488 74
498 74
499 74
500 74
501 74
502 74
503 74
504 74
505 74
506 74
507 74
508 74
509 74
510 74
511 74
512 74
513 74
522 74
523 74
524 74
525 74
526 74
527 74
528 74
529 74
530 74
531 74
532 74
533 74
534 74
535 74
536 74
537 74
538 74
539 74
540 74
541 74
542 74
543 74
544 74
545 74
546 74
547 74
598 85
599 85
600 85
601 85
602 85
603 85
604 85
605 85
606 85
607 85
608 85
609 85
610 85
611 85
612 85
613 85
614 85
615 85
616 85
617 85
618 85
619 85
620 85
621 85
622 85
623 85
624 85
625 85
626 85
627 85
628 85
629 85
630 85
631 85
632 85
633 85
634 85
635 85
636 85
637 85
638 85
639 85
640 85
641 85
642 85
643 85
644 85
645 85
654 85
655 85
656 85
657 85
658 85
659 85
660 85
661 85
662 85
663 85
664 85
665 85
666 85
667 85
668 85
669 85
670 85
680 85
681 85
682 85
683 85
684 85
685 85
686 85
687 85
688 85
689 85
690 85
691 85
692 85
693 85
694 85
704 85
705 85
706 85
707 85
708 85
709 85
710 85
711 85
712 85
713 85
714 85
715 85
716 85
717 85
718 85
719 85
720 85
721 85
722 85
723 85
724 85
725 85
726 85
727 85
728 85
729 85
730 85
731 85
732 85
733 85
734 85
735 85
736 85
737 85
738 85
739 85
740 85
741 85
742 85
743 85
755 85
756 85
757 85
758 85
759 85
760 85
761 85
762 85
763 85
764 85
765 85
766 85
767 85
768 85
769 85
770 85
779 85
780 85
781 85
782 85
783 85
784 85
785 85
786 85
787 85
788 85
789 85
790 85
791 85
792 85
793 85
803 85
804 85
805 85
806 85
807 85
808 85
809 85
810 85
811 85
812 85
813 85
814 85
815 85
838 75
839 75
840 75
841 75
842 75
843 75
844 75
845 75
846 75
847 75
848 75
849 75
850 75
851 75
852 75
853 75
854 75
855 75
856 75
857 75
858 75
859 75
860 75
861 75
862 75
863 75
864 75
865 75
866 75
867 75
868 75
869 75
870 75
871 75
872 75
873 75
874 75
875 75
876 75
877 75
878 75
879 75
880 75
881 75
882 75
883 75
884 75
885 75
886 75
887 75
888 75
889 75
890 75
891 75
892 75
893 75
894 75
895 75
896 75
897 75
898 75
899 75
900 75
901 75
902 75
903 75
904 75
905 75
906 75
907 75
908 75
909 75
910 75
911 75
912 75
913 75
914 75
915 75
916 75
917 75
928 75
929 75
930 75
931 75
932 75
933 75
934 75
935 75
936 75
937 75
938 75
939 75
940 75
941 75
942 75
943 75
944 75
945 75
946 75
947 75
948 75
949 75
950 75
951 75
952 75
953 75
954 75
955 75
956 75
957 75
958 75
959 75
960 75
961 75
962 75
963 75
964 75
965 75
966 75
967 75
968 75
969 75
970 75
971 75
972 75
973 75
974 75
975 75
976 75
977 75
978 75
979 75
980 75
981 75
982 75
983 75
984 75
992 75
993 75
994 75
995 75
996 75
997 75
998 75
999 75
1000 75
1001 75
1002 75
1003 75
1004 75
1005 75
1006 75
1007 75
1008 75
1009 75
1010 75
1011 75
1012 75
1013 75
1014 75
1015 75
1016 75
1017 75
1018 75
1019 75
1020 75
1021 75
1022 75
1023 75
1024 75
1025 75
1026 75
1027 75
1028 75
1029 75
1030 75
1031 75
1032 75
1033 75
1034 75
1035 75
1036 75
1037 75
1038 75
1039 75
1040 75
1041 75
1042 75
1043 75
1044 75
1045 75
1046 75
1047 75
1048 75
1049 75
1050 75
1051 75
1052 75
1053 75
1054 75
1055 75
1056 75
1057 75
1058 75
1059 75
1060 75
1061 75
1062 75
1063 75
1064 75
1065 75
1066 75
1067 75
1068 75
1069 75
1070 75
1071 75
1072 75
1095 75
1096 75
1097 75
1098 75
1099 75
1100 75
1101 75
1102 75
1103 75
1104 75
1105 75
1106 75
1107 75
1108 75
1109 75
1110 75
1111 75
1112 75
1113 75
1114 75
1115 75
1116 75
1117 75
1118 75
1119 75
1120 75
1121 75
1122 75
1123 75
1124 75
1125 75
1126 75
1127 75
1128 75
1129 75
1130 75
1131 75
1132 75
1133 75
1134 75
1135 75
1136 75
1137 75
1151 75
1152 75
1153 75
1154 75
1155 75
1156 75
1157 75
1158 75
1159 75
1160 75
1161 75
1162 75
1163 75
1164 75
1165 75
1166 75
1167 75
1168 75
1169 75
1170 75
1171 75
1172 75
1173 75
1174 75
1175 75
1176 75
1177 75
1178 75
1179 75
1180 75
1181 75
1182 75
1183 75
1184 75
1185 75
1186 75
1187 75
1188 75
1189 75
1190 75
1191 75
1192 75
1193 75
1194 75
1195 75
1196 75
1197 75
1198 75
1199 75
1200 75
1201 75
1202 75
1203 75
1204 75
1205 75
1206 75
1207 75
1208 75
1209 75
1210 75
1211 75
1212 75
1213 75
1214 75
1215 75
1216 75
1217 75
1218 75
1219 75
1220 75
1221 75
1222 75
1223 75
1224 75
1225 75
1226 75
1227 75
1228 75
1229 75
1230 75
1231 75
1232 75
1233 75
1234 75
1235 75
1236 75
1237 75
1238 75
1239 75
1240 75
1241 75
1242 75
1243 75
1244 75
1245 75
1246 75
1247 75
1248 75
1249 75
1250 75
1251 75
1252 75
1253 75
1254 75
1255 75
1256 75
1257 75
1258 75
1259 75
1260 75
1261 75
1262 75
1263 75
1264 75
1265 75
1266 75
1267 75
1268 75
1269 75
1270 75
1271 75
1272 75
1273 75
1274 75
1275 75
1276 75
1277 75
1278 75
1279 75
1280 75
1281 75
1282 75
1283 75
1284 75
1285 75
1286 75
1287 75
1288 75
1289 75
1290 75
1291 75
1292 75
1293 75
1294 75
1295 75
1296 75
1297 75
1298 75
1299 75
1300 75
1301 75
1302 75
1303 75
1304 75
1305 75
1306 75
1307 75
1308 75
1309 75
1310 75
1311 75
1312 75
1313 75
1314 75
1315 75
1316 75
1317 75
1318 75
1319 75
1320 75
1321 75
1322 75
1323 75
1324 75
1325 75
1326 75
1327 75
1328 75
1329 75
1330 75
1331 75
1332 75
1333 75
1334 75
1335 75
1336 75
1337 75
1338 75
1339 75
1340 75
1341 75
1342 75
1343 75
1344 75
1345 75
1346 75
1347 75
1348 75
1349 75
1350 75
1351 75
1352 75
1353 75
1354 75
1355 75
1356 75
1357 75
1358 75
1359 75
1360 75
1361 75
1362 75
1363 75
1364 75
1365 75
1366 75
1367 75
1368 75
1369 75
1370 75
1371 75
1372 75
1373 75
1374 75
1375 75
1376 75
1377 75
1378 75
1379 75
1380 75
1381 75
1382 75
1383 75
1384 75
1385 75
1386 75
1387 75
1388 75
1389 75
1390 75
1391 75
1392 75
1393 75
1394 75
1395 75
1396 75
1397 75
1398 75
1399 75
1400 75
1401 75
1402 75
1403 75
1404 75
1405 75
1406 75
1407 75
1408 75
1409 75
1410 75
1411 75
1412 75
1413 75
1414 75
1415 75
1416 75
1417 75
1418 75
1419 75
1420 75
1421 75
1422 75
1423 75
1424 75
1425 75
1426 75
1427 75
1428 75
1429 75
1430 75
1431 75
1432 75
1433 75
1434 75
1435 75
1436 75
1437 75
1438 75
1439 75
1440 75
1441 75
1442 75
1443 75
1444 75
1445 75
1446 75
1447 75
1448 75
1449 75
1450 75
1451 75
1452 75
1453 75
1454 75
1455 75
1456 75
1457 75
1458 75
1459 75
1460 75
1461 75
1462 75
1463 75
1464 75
1465 75
1466 75
1467 75
1468 75
1469 75
1470 75
1471 75
1472 75
1473 75
1474 75
1475 75
1476 75
1477 75
1478 75
1479 75
1480 75
1481 75
1482 75
1483 75
1484 75
1485 75
1486 75
1487 75
1488 75
1489 75
1490 75
1491 75
1492 75
1493 75
1494 75
1519 73
1520 73
1521 73
1522 73
1523 73
1524 73
1525 73
1526 73
1527 73
1528 73
1529 73
1530 73
1531 73
1532 73
1533 73
1534 73
1535 73
1536 73
1537 73
1538 73
1539 73
1540 73
1541 73
1542 73
1543 73
1544 73
1545 73
1546 73
1547 73
1548 73
1549 73
1550 73
1551 73
1552 73
1553 73
1554 73
1555 73
1556 73
1557 73
1558 73
1559 73
1560 73
1561 73
1562 73
1563 73
1564 73
1565 73
1566 73
1567 73
1568 73
1569 73
1570 73
1571 73
1572 73
1573 73
1574 73
1575 73
1576 73
1577 73
1578 73
1579 73
1580 73
1581 73
1582 73
1583 73
1584 73
1585 73
1586 73
1587 73
1588 73
1589 73
1590 73
1591 73
1592 73
1593 73
1594 73
1595 73
1596 73
1597 73
1598 73
1599 73
1600 73
1601 73
1602 73
1603 73
1604 73
1605 73
1606 73
1607 73
1608 73
1609 73
1610 73
1611 73
1612 73
1613 73
1614 73
1615 73
1616 73
1617 73
1618 73
1619 73
1620 73
1621 73
1622 73
1623 73
1624 73
1625 73
1626 73
1627 73
1628 73
1629 73
1630 73
1631 73
1632 73
1633 73
1634 73
1635 73
1636 73
1637 73
1638 73
1639 73
1640 73
1641 73
1642 73
1643 73
1644 73
1645 73
1646 73
1647 73
1648 73
1649 73
1650 73
1651 73
1652 73
1653 73
1654 73
1655 73
1656 73
1657 73
1658 73
1659 73
1660 73
1661 73
1662 73
1663 73
1664 73
1665 73
1666 73
1667 73
1668 73
1669 73
1670 73
1671 73
1672 73
1673 73
1674 73
1675 73
1676 73
1677 73
1678 73
1679 73
1680 73
1681 73
1682 73
1683 73
1684 73
1685 73
1686 73
1687 73
1688 73
1689 73
1690 73
1691 73
1692 73
1693 73
1694 73
1695 73
1696 73
1697 73
1698 73
1699 73
1700 73
1701 73
1702 73
1703 73
1704 73
1705 73
1706 73
1707 73
1708 73
1709 73
1710 73
1711 73
1712 73
1713 73
1714 73
1715 73
1716 73
1717 73
1718 73
1719 73
1720 73
1721 73
1722 73
1723 73
1724 73
1725 73
1726 73
1727 73
1728 73
1729 73
1730 73
1731 73
1744 75
1745 75
1746 75
1747 75
1748 75
1749 75
1750 75
1751 75
1752 75
1753 75
1754 75
1755 75
1756 75
1767 73
1768 73
1769 73
1770 73
1771 73
1772 73
1773 73
1774 73
1775 73
1776 73
1777 73
1778 73
1779 73
1780 73
1781 73
1782 73
1783 73
1784 73
1785 73
1786 73
1787 73
1788 73
1789 73
1790 73
1791 73
1792 73
1793 73
1794 73
1795 73
1796 73
1797 73
1798 73
1799 73
1800 73
1801 73
1802 73
1803 73
1804 73
1805 73
1806 73
1807 73
1808 73
1809 73
1810 73
1811 73
1812 73
1813 73
1814 73
1815 73
1816 73
1817 73
1818 73
1819 73
1820 73
1821 73
1822 73
1823 73
1824 73
1825 73
1826 73
1827 73
1828 73
1829 73
1830 73
1831 73
1832 73
1833 73
1834 73
1835 73
1836 73
1837 73
1838 73
1839 73
1840 73
1841 73
1842 73
1843 73
1844 73
1854 73
1855 73
1856 73
1857 73
1858 73
1859 73
1860 73
1861 73
1862 73
1863 73
1864 73
1865 73
1866 73
1867 73
1868 73
1869 73
1870 73
1871 73
1872 73
1873 73
1874 73
1875 73
1876 73
1877 73
1878 73
1879 73
1880 73
1881 73
1882 73
1883 73
1884 73
1885 73
1886 73
1887 73
1888 73
1889 73
1890 73
1891 73
1892 73
1893 73
1894 73
1895 73
1896 73
1897 73
1898 73
1899 73
1900 73
1901 73
1902 73
1903 73
1904 73
1905 73
1906 73
1915 73
1916 73
1917 73
1918 73
1919 73
1920 73
1921 73
1922 73
1923 73
1924 73
1925 73
1926 73
1927 73
1928 73
1929 73
1938 73
1939 73
1940 73
1941 73
1942 73
1943 73
1944 73
1945 73
1946 73
1947 73
1948 73
1949 73
1950 73
1951 73
1952 73
1953 73
1954 73
1955 73
1956 73
1957 73
1958 73
1959 73
1960 73
1961 73
1962 73
1963 73
1964 73
1965 73
1966 73
1967 73
1968 73
1969 73
1970 73
1971 73
1972 73
1973 73
2090 74
2091 74
2092 74
2093 74
2094 74
2095 74
2096 74
2097 74
2098 74
2099 74
2100 74
2101 74
2102 74
2103 74
2104 74
2105 74
2106 74
2107 74
2108 74
2109 74
2110 74
2111 74
2112 74
2113 74
2114 74
2115 74
2116 74
2117 74
2118 74
2119 74
2120 74
2121 74
2122 74
2123 74
2124 74
2125 74
2126 74
2127 74
2128 74
2129 74
2130 74
2131 74
2132 74
2133 74
2134 74
2135 74
2136 74
2137 74
2138 74
2139 74
2140 74
2141 74
2142 74
2143 74
2144 74
2145 74
2146 74
2147 74
2148 74
2149 74
2150 74
2151 74
2152 74
2153 74
2154 74
2155 74
2156 74
2157 74
2158 74
2159 74
2160 74
2161 74
2162 74
2163 74
2164 74
2165 74
2166 74
2167 74
2168 74
2169 74
2170 74
2179 74
2180 74
2181 74
2182 74
2183 74
2184 74
2185 74
2186 74
2187 74
2188 74
2189 74
2190 74
2191 74
2192 74
2193 74
2194 74
2195 74
2196 74
2197 74
2198 74
2199 74
2200 74
2201 74
2202 74
2203 74
2204 74
2205 74
2206 74
2207 74
2208 74
2209 74
2210 74
2211 74
2212 74
2213 74
2214 74
2215 74
2216 74
2217 74
2218 74
2219 74
2220 74
2221 74
2222 74
2223 74
2224 74
2225 74
2226 74
2227 74
2228 74
2229 74
2230 74
2231 74
2232 74
2233 74
2234 74
2235 74
2236 74
2237 74
2238 74
2239 74
2240 74
2241 74
2242 74
2243 74
2244 74
2245 74
2246 74
2247 74
2248 74
2249 74
2250 74
2325 74
2326 74
2327 74
2328 74
2329 74
2330 74
2331 74
2332 74
2333 74
2334 74
2335 74
2336 74
2337 74
2338 74
2339 74
2340 74
2341 74
2342 74
2343 74
2344 74
2345 74
2346 74
2347 74
2348 74
2349 74
2350 74
2351 74
2352 74
2353 74
2354 74
2355 74
2356 74
2357 74
2365 73
2366 73
2367 73
2368 73
2369 73
2370 73
2371 73
2372 73
2373 73
2374 73
2375 73
2376 73
2377 73
2378 73
2379 73
2380 73
2381 73
2382 73
2383 73
2384 73
2385 73
2386 73
2387 73
2388 73
2389 73
2390 73
2391 73
2392 73
2393 73
2394 73
2395 73
2396 73
2397 73
2398 73
2399 73
2400 73
2401 73
2402 73
2403 73
2404 73
2414 73
2415 73
2416 73
2417 73
2418 73
2419 73
2420 73
2421 73
2422 73
2423 73
2424 73
2425 73
2426 73
2427 73
2428 73
