124 66
125 66
126 66
127 66
128 66
129 66
130 66
170 77
171 77
172 77
173 77
174 77
175 77
176 77
177 77
178 77
179 77
180 77
181 77
182 77
183 77
184 77
185 77
186 77
187 77
188 77
189 77
190 77
200 77
201 77
202 77
203 77
204 77
205 77
206 77
207 77
208 77
209 77
210 77
211 77
212 77
213 77
214 77
215 77
216 77
217 77
218 77
219 77
220 77
221 77
222 77
223 77
224 77
225 77
226 77
227 77
228 77
229 77
230 77
231 77
232 77
233 77
234 77
235 77
236 77
237 77
238 77
239 77
240 77
241 77
242 77
243 77
244 77
245 77
246 77
247 77
248 77
249 77
250 77
251 77
252 77
253 77
254 77
261 77
262 77
263 77
264 77
265 77
266 77
267 77
268 77
269 77
270 77
271 77
272 77
273 77
274 77
275 77
276 77
277 77
278 77
279 77
280 77
281 77
282 77
283 77
284 77
285 77
286 77
287 77
288 77
289 77
290 77
291 77
292 77
293 77
294 77
295 77
296 77
297 77
311 85
312 85
313 85
314 85
315 85
316 85
317 85
318 85
319 85
320 85
321 85
322 85
323 85
324 85
325 85
326 85
327 85
328 85
329 85
330 85
331 85
332 85
333 85
342 85
343 85
344 85
345 85
346 85
347 85
348 85
349 85
350 85
351 85
352 85
353 85
354 85
355 85
356 85
357 85
358 85
359 85
366 85
367 85
368 85
369 85
370 85
371 85
372 85
373 85
374 85
375 85
376 85
377 85
378 85
379 85
380 85
406 74
407 74
408 74
409 74
410 74
411 74
412 74
413 74
414 74
415 74
416 74
417 74
418 74
419 74
420 74
421 74
422 74
423 74
424 74
425 74
426 74
427 74
428 74
429 74
430 74
431 74
432 74
433 74
434 74
435 74
449 73
450 73
451 73
452 73
453 73
454 73
455 73
456 73
466 74
467 74
468 74
469 74
470 74
471 74
472 74
473 74
474 74
475 74
476 74
477 74
478 74
479 74
480 74
481 74
482 74
483 74
484 74
485 74
510 74
511 74
512 74
513 74
514 74
515 74
516 74
517 74
518 74
519 74
520 74
521 74
522 74
523 74
524 74
525 74
526 74
583 74
584 74
585 74
586 74
587 74
588 74
589 74
590 74
591 74
592 74
637 74
638 74
639 74
640 74
641 74
642 74
643 74
644 74
645 74
646 74
647 74
648 74
649 74
661 74
662 74
663 74
664 74
665 74
666 74
667 74
668 74
669 74
670 74
671 74
672 74
673 74
674 74
675 74
710 74
711 74
712 74
713 74
714 74
715 74
716 74
717 74
718 74
719 74
720 74
721 74
731 74
732 74
733 74
734 74
735 74
736 74
737 74
738 74
739 74
740 74
741 74
742 74
743 74
744 74
745 74
746 74
747 74
755 74
756 74
757 74
758 74
759 74
760 74
761 74
762 74
763 74
764 74
765 74
766 74
767 74
768 74
769 74
770 74
779 74
780 74
781 74
782 74
783 74
784 74
785 74
786 74
787 74
788 74
789 74
790 74
791 74
792 74
793 74
794 74
795 74
796 74
797 74
798 74
799 74
800 74
801 74
802 74
821 85
822 85
823 85
824 85
825 85
826 85
827 85
828 85
829 85
830 85
831 85
832 85
833 85
834 85
835 85
836 85
837 85
838 85
839 85
840 85
841 85
842 85
843 85
844 85
845 85
846 85
847 85
848 85
849 85
850 85
851 85
852 85
853 85
854 85
855 85
856 85
857 85
858 85
859 85
860 85
861 85
862 85
872 85
873 85
874 85
875 85
876 85
877 85
878 85
879 85
880 85
881 85
882 85
883 85
884 85
885 85
886 85
887 85
888 85
889 85
890 85
923 85
924 85
925 85
926 85
927 85
928 85
929 85
930 85
931 85
932 85
933 85
934 85
942 85
943 85
944 85
945 85
946 85
947 85
948 85
949 85
950 85
951 85
952 85
953 85
954 85
955 85
956 85
957 85
958 85
959 85
969 85
970 85
971 85
972 85
973 85
974 85
975 85
976 85
977 85
978 85
979 85
980 85
981 85
982 85
983 85
984 85
985 85
986 85
987 85
988 85
989 85
990 85
991 85
992 85
993 85
994 85
995 85
996 85
997 85
998 85
999 85
1000 85
1020 85
1021 85
1022 85
1023 85
1024 85
1025 85
1026 85
1027 85
1028 85
1029 85
1030 85
1031 85
1041 85
1042 85
1043 85
1044 85
1045 85
1046 85
1047 85
1048 85
1049 85
1050 85
1051 85
1052 85
1053 85
1054 85
1055 85
1056 85
1057 85
1058 85
1059 85
1060 85
1061 85
1062 85
1063 85
1064 85
1065 85
1066 85
1075 85
1076 85
1077 85
1078 85
1079 85
1080 85
1081 85
1082 85
1083 85
1084 85
1085 85
1086 85
1087 85
1088 85
1089 85
1090 85
1091 85
1092 85
1093 85
1094 85
1095 85
1096 85
1097 85
1098 85
1118 75
1119 75
1120 75
1121 75
1122 75
1123 75
1124 75
1125 75
1126 75
1127 75
1128 75
1129 75
1130 75
1131 75
1132 75
1133 75
1134 75
1135 75
1136 75
1137 75
1138 75
1139 75
1140 75
1141 75
1142 75
1143 75
1144 75
1145 75
1146 75
1147 75
1148 75
1149 75
1150 75
1151 75
1152 75
1153 75
1164 75
1165 75
1166 75
1167 75
1168 75
1169 75
1170 75
1171 75
1172 75
1173 75
1174 75
1175 75
1176 75
1177 75
1178 75
1179 75
1180 75
1181 75
1182 75
1183 75
1184 75
1185 75
1186 75
1187 75
1188 75
1189 75
1190 75
1191 75
1192 75
1193 75
1194 75
1195 75
1196 75
1226 75
1227 75
1228 75
1229 75
1230 75
1231 75
1232 75
1233 75
1234 75
1235 75
1236 75
1237 75
1238 75
1239 75
1240 75
1241 75
1242 75
1243 75
1244 75
1245 75
1246 75
1247 75
1248 75
1249 75
1250 75
1251 75
1252 75
1253 75
1254 75
1255 75
1256 75
1257 75
1258 75
1259 75
1275 75
1276 75
1277 75
1278 75
1279 75
1280 75
1281 75
1282 75
1283 75
1284 75
1285 75
1286 75
1287 75
1288 75
1289 75
1290 75
1291 75
1292 75
1293 75
1294 75
1295 75
1296 75
1297 75
1298 75
1299 75
1300 75
1301 75
1302 75
1303 75
1304 75
1305 75
1306 75
1307 75
1308 75
1367 75
1368 75
1369 75
1370 75
1371 75
1372 75
1373 75
1374 75
1375 75
1376 75
1377 75
1378 75
1379 75
1380 75
1381 75
1382 75
1383 75
1384 75
1385 75
1386 75
1387 75
1388 75
1389 75
1390 75
1391 75
1392 75
1393 75
1394 75
1395 75
1396 75
1397 75
1398 75
1399 75
1400 75
1401 75
1430 75
1431 75
1432 75
1433 75
1434 75
1435 75
1436 75
1437 75
1438 75
1439 75
1440 75
1441 75
1442 75
1443 75
1444 75
1445 75
1446 75
1447 75
1448 75
1449 75
1450 75
1451 75
1452 75
1453 75
1454 75
1455 75
1456 75
1457 75
1458 75
1459 75
1460 75
1461 75
1462 75
1463 75
1464 75
1465 75
1466 75
1467 75
1468 75
1469 75
1470 75
1471 75
1472 75
1473 75
1474 75
1475 75
1476 75
1477 75
1478 75
1479 75
1480 75
1481 75
1482 75
1483 75
1484 75
1485 75
1486 75
1487 75
1488 75
1489 75
1490 75
1491 75
1492 75
1493 75
1494 75
1495 75
1496 75
1497 75
1498 75
1499 75
1500 75
1501 75
1502 75
1503 75
1504 75
1505 75
1506 75
1507 75
1508 75
1509 75
1510 75
1511 75
1512 75
1513 75
1514 75
1515 75
1516 75
1517 75
1518 75
1519 75
1520 75
1521 75
1522 75
1523 75
1524 75
1525 75
1526 75
1527 75
1528 75
1529 75
1530 75
1545 75
1546 75
1547 75
1548 75
1549 75
1550 75
1551 75
1552 75
1553 75
1554 75
1555 75
1556 75
1557 75
1558 75
1559 75
1560 75
1561 75
1562 75
1563 75
1564 75
1565 75
1566 75
1567 75
1568 75
1569 75
1570 75
1571 75
1572 75
1573 75
1574 75
1575 75
1576 75
1577 75
1578 75
1579 75
1580 75
1581 75
1582 75
1583 75
1584 75
1585 75
1586 75
1587 75
1588 75
1589 75
1590 75
1591 75
1592 75
1593 75
1594 75
1595 75
1596 75
1597 75
1598 75
1599 75
1600 75
1601 75
1602 75
1603 75
1604 75
1605 75
1606 75
1607 75
1608 75
1609 75
1610 75
1611 75
1612 75
1613 75
1614 75
1615 75
1616 75
1617 75
1618 75
1619 75
1620 75
1621 75
1637 75
1638 75
1639 75
1640 75
1641 75
1642 75
1643 75
1644 75
1645 75
1646 75
1647 75
1648 75
1649 75
1650 75
1651 75
1652 75
1653 75
1654 75
1655 75
1656 75
1657 75
1658 75
1659 75
1660 75
1661 75
1662 75
1663 75
1664 75
1665 75
1666 75
1667 75
1668 75
1669 75
1670 75
1671 75
1672 75
1673 75
1674 75
1675 75
1676 75
1677 75
1678 75
1679 75
1680 75
1681 75
1682 75
1683 75
1684 75
1685 75
1686 75
1687 75
1688 75
1689 75
1690 75
1691 75
1692 75
1693 75
1694 75
1695 75
1696 75
1697 75
1698 75
1699 75
1700 75
1701 75
1702 75
1703 75
1704 75
1705 75
1706 75
1707 75
1708 75
1709 75
1710 75
1711 75
1712 75
1713 75
1714 75
1715 75
1716 75
1717 75
1718 75
1719 75
1720 75
1721 75
1722 75
1723 75
1724 75
1725 75
1726 75
1727 75
1728 75
1729 75
1730 75
1731 75
1732 75
1733 75
1754 75
1755 75
1756 75
1757 75
1758 75
1759 75
1760 75
1761 75
1762 75
1763 75
1764 75
1765 75
1766 75
1767 75
1768 75
1769 75
1770 75
1771 75
1772 75
1773 75
1774 75
1775 75
1776 75
1777 75
1778 75
1779 75
1780 75
1781 75
1782 75
1783 75
1784 75
1785 75
1786 75
1787 75
1788 75
1789 75
1790 75
1791 75
1792 75
1793 75
1794 75
1795 75
1796 75
1797 75
1798 75
1799 75
1800 75
1801 75
1802 75
1803 75
1804 75
1805 75
1806 75
1807 75
1808 75
1809 75
1810 75
1811 75
1812 75
1813 75
1814 75
1815 75
1816 75
1817 75
1818 75
1819 75
1820 75
1821 75
1822 75
1823 75
1824 75
1825 75
1826 75
1827 75
1866 75
1867 75
1868 75
1869 75
1870 75
1871 75
1872 75
1873 75
1874 75
1875 75
1876 75
1877 75
1878 75
1879 75
1880 75
1881 75
1882 75
1883 75
1884 75
1885 75
1886 75
1887 75
1888 75
1889 75
1890 75
1891 75
1892 75
1893 75
1894 75
1895 75
1896 75
1897 75
1898 75
1899 75
1900 75
1901 75
1902 75
1903 75
1904 75
1905 75
1923 75
1924 75
1925 75
1926 75
1927 75
1928 75
1929 75
1930 75
1931 75
1932 75
1933 75
1934 75
1935 75
1936 75
1937 75
1938 75
1939 75
1940 75
1941 75
1942 75
1943 75
1944 75
1945 75
1946 75
1947 75
1948 75
1949 75
1950 75
1951 75
1952 75
1953 75
1954 75
1955 75
1956 75
1957 75
1958 75
1959 75
1960 75
1961 75
1962 75
1963 75
1964 75
1965 75
1966 75
1967 75
1968 75
1969 75
1970 75
1971 75
1972 75
1973 75
1974 75
1975 75
1976 75
1977 75
1978 75
1979 75
1980 75
1981 75
1982 75
1983 75
1984 75
1985 75
1986 75
1987 75
1988 75
1989 75
1990 75
1991 75
1992 75
1993 75
1994 75
1995 75
1996 75
1997 75
1998 75
1999 75
2000 75
2001 75
2002 75
2003 75
2004 75
2005 75
2006 75
2007 75
2008 75
2009 75
2010 75
2011 75
2012 75
2013 75
2014 75
2015 75
2016 75
2017 75
2018 75
2019 75
2020 75
2021 75
2022 75
2037 75
2038 75
2039 75
2040 75
2041 75
2042 75
2043 75
2044 75
2045 75
2046 75
2047 75
2048 75
2049 75
2050 75
2051 75
2052 75
2053 75
2054 75
2055 75
2056 75
2057 75
2058 75
2059 75
2060 75
2061 75
2062 75
2063 75
2064 75
2065 75
2066 75
2067 75
2068 75
2069 75
2070 75
2071 75
2072 75
2073 75
2074 75
2075 75
2076 75
2077 75
2078 75
2079 75
2080 75
2081 75
2082 75
2083 75
2084 75
2085 75
2086 75
2087 75
2088 75
2089 75
2090 75
2091 75
2092 75
2093 75
2094 75
2095 75
2096 75
2097 75
2098 75
2099 75
2100 75
2101 75
2102 75
2103 75
2104 75
2105 75
2106 75
2107 75
2108 75
2109 75
2110 75
2111 75
2112 75
2113 75
2114 75
2115 75
2116 75
2117 75
2118 75
2119 75
2120 75
2121 75
2122 75
2123 75
2124 75
2125 75
2126 75
2127 75
2128 75
2129 75
2130 75
2131 75
2132 75
2133 75
2134 75
2135 75
2136 75
2137 75
2138 75
2139 75
2140 75
2141 75
2142 75
2143 75
2144 75
2145 75
2146 75
2147 75
2148 75
2149 75
2150 75
2151 75
2152 75
2153 75
2154 75
2155 75
2156 75
2157 75
2158 75
2159 75
2160 75
2161 75
2162 75
2163 75
2164 75
2165 75
2166 75
2167 75
2168 75
2169 75
2170 75
2171 75
2172 75
2173 75
2174 75
2175 75
2176 75
2177 75
2178 75
2179 75
2180 75
2181 75
2182 75
2183 75
2184 75
2185 75
2186 75
2187 75
2188 75
2189 75
2190 75
2191 75
2192 75
2193 75
2194 75
2195 75
2196 75
2197 75
2198 75
2199 75
2200 75
2201 75
2202 75
2203 75
2204 75
2205 75
2206 75
2207 75
2208 75
2209 75
2210 75
2211 75
2212 75
2213 75
2214 75
2215 75
2216 75
2217 75
2218 75
2219 75
2220 75
2221 75
2222 75
2223 75
2224 75
2225 75
2226 75
2227 75
2228 75
2229 75
2230 75
2231 75
2232 75
2233 75
2234 75
2235 75
2236 75
2237 75
2238 75
2239 75
2240 75
2241 75
2242 75
2243 75
2244 75
2245 75
2246 75
2247 75
2248 75
2249 75
2250 75
2251 75
2252 75
2253 75
2254 75
2255 75
2256 75
2257 75
2258 75
2259 75
2260 75
2261 75
2262 75
2263 75
2264 75
2265 75
2266 75
2267 75
2268 75
2269 75
2270 75
2271 75
2272 75
2273 75
2274 75
2275 75
2276 75
2277 75
2278 75
2279 75
2280 75
2281 75
2282 75
2283 75
2284 75
2285 75
2286 75
2287 75
2288 75
2289 75
2290 75
2291 75
2292 75
2293 75
2294 75
2295 75
2296 75
2297 75
2298 75
2299 75
2300 75
2301 75
2302 75
2303 75
2304 75
2305 75
2306 75
2307 75
2308 75
2309 75
2310 75
2311 75
2312 75
2313 75
2314 75
2315 75
2316 75
2317 75
2318 75
2319 75
2320 75
2321 75
2322 75
2323 75
2324 75
2325 75
2326 75
2327 75
2328 75
2329 75
2330 75
2331 75
2332 75
2333 75
2334 75
2335 75
2336 75
2337 75
2338 75
2339 75
2340 75
2341 75
2342 75
2343 75
2344 75
2345 75
2346 75
2347 75
2348 75
2349 75
2350 75
2351 75
2352 75
2353 75
2354 75
2355 75
2356 75
2357 75
2358 75
2359 75
2360 75
2361 75
2362 75
2363 75
2364 75
2365 75
2366 75
2367 75
2368 75
2369 75
2370 75
2371 75
2372 75
2373 75
2374 75
2375 75
2376 75
2377 75
2378 75
2379 75
2380 75
2381 75
2382 75
2383 75
2384 75
2385 75
2386 75
2387 75
2388 75
2389 75
2390 75
2391 75
2392 75
2393 75
2394 75
2395 75
2396 75
2397 75
2398 75
2399 75
2400 75
2401 75
2402 75
2403 75
2404 75
2405 75
2406 75
2407 75
2408 75
2409 75
2410 75
2411 75
2412 75
2413 75
2414 75
2415 75
2416 75
2417 75
2418 75
2419 75
2420 75
2421 75
2422 75
2423 75
2424 75
2425 75
2426 75
2427 75
2428 75
2429 75
2430 75
2431 75
2432 75
2433 75
2434 75
2435 75
2436 75
2437 75
2438 75
2439 75
2440 75
2441 75
2442 75
2443 75
2444 75
2445 75
2446 75
2447 75
2448 75
2449 75
2450 75
2451 75
2452 75
2453 75
2454 75
2455 75
2456 75
2457 75
2458 75
2459 75
2460 75
2461 75
2462 75
2463 75
2464 75
2587 73
2588 73
2589 73
2590 73
2591 73
2592 73
2593 73
2594 73
2595 73
2596 73
2597 73
2598 73
2599 73
2600 73
2601 73
2602 73
2603 73
2604 73
2605 73
2606 73
2607 73
2608 73
2609 73
2610 73
2611 73
2612 73
2613 73
2614 73
2615 73
2616 73
2617 73
2618 73
2619 73
2620 73
2621 73
2622 73
2623 73
2624 73
2625 73
2626 73
2627 73
2628 73
2629 73
2630 73
2631 73
2632 73
2633 73
2634 73
2635 73
2636 73
2637 73
2638 73
2639 73
2640 73
2641 73
2642 73
2643 73
2644 73
2645 73
2646 73
2647 73
2648 73
2649 73
2650 73
2651 73
2652 73
2653 73
2654 73
2655 73
2656 73
2657 73
2658 73
2659 73
2660 73
2661 73
2662 73
2663 73
2664 73
2665 73
2666 73
2667 73
2668 73
2669 73
2670 73
2671 73
2672 73
2673 73
2674 73
2675 73
2676 73
2677 73
2678 73
2679 73
2680 73
2681 73
2682 73
2683 73
2684 73
2685 73
2686 73
2687 73
2688 73
2689 73
2690 73
2691 73
2692 73
2693 73
2694 73
2695 73
2696 73
2697 73
2698 73
2699 73
2700 73
2701 73
2702 73
2703 73
2704 73
2705 73
2706 73
2707 73
2708 73
2709 73
2710 73
2711 73
2712 73
2713 73
2714 73
2715 73
2716 73
2717 73
2718 73
2719 73
2720 73
2721 73
2722 73
2723 73
2724 73
2725 73
2726 73
2727 73
2728 73
2729 73
2730 73
2731 73
2732 73
2733 73
2734 73
2735 73
2736 73
2737 73
2738 73
2739 73
2740 73
2741 73
2742 73
2743 73
2744 73
2745 73
2746 73
2747 73
2748 73
2749 73
2750 73
2751 73
2752 73
2753 73
2754 73
2755 73
2756 73
2757 73
2758 73
2759 73
2760 73
2761 73
2762 73
2763 73
2764 73
2765 73
2766 73
2767 73
2768 73
2769 73
2770 73
2771 73
2772 73
2773 73
2774 73
2775 73
2776 73
2777 73
2778 73
2779 73
2780 73
2781 73
2782 73
2783 73
2784 73
2785 73
2786 73
2787 73
2788 73
2789 73
2790 73
2791 73
2792 73
2793 73
2794 73
2795 73
2796 73
2797 73
2798 73
2799 73
2800 73
2801 73
2802 73
2803 73
2804 73
2805 73
2806 73
2807 73
2808 73
2809 73
2810 73
2811 73
2812 73
2813 73
2814 73
2815 73
2816 73
2817 73
2818 73
2819 73
2820 73
2821 73
2822 73
2823 73
2824 73
2825 73
2826 73
2827 73
2828 73
2829 73
2830 73
2831 73
2833 74
2834 74
2835 74
2836 74
2837 74
2838 74
2839 74
2840 74
2841 74
2842 74
2843 74
2844 74
2845 74
2846 74
2847 74
2848 74
2849 74
2850 74
2851 74
2852 74
2853 74
2854 74
2855 74
2856 74
2857 74
2858 74
2859 74
2860 74
2861 74
2862 74
2863 74
2864 74
2865 74
2866 74
2867 74
2868 74
2869 74
2870 74
2871 74
2872 74
2873 74
2874 74
2875 74
2876 74
2877 74
2878 74
2879 74
2880 74
2881 74
2882 74
2883 74
2884 74
2885 74
2886 74
2887 74
2888 74
2889 74
2890 74
2891 74
2892 74
2893 74
2894 74
2895 74
2896 74
2897 74
2898 74
2899 74
2900 74
2901 74
2902 74
2903 74
2904 74
2905 74
2906 74
2907 74
2908 74
2909 74
2910 74
2911 74
2912 74
2913 74
2914 74
2915 74
2916 74
2917 74
2918 74
2919 74
2920 74
2921 74
2922 74
2923 74
2924 74
2925 74
2926 74
2927 74
2928 74
2929 74
2930 74
2931 74
2932 74
2933 74
2934 74
2935 74
2936 74
2937 74
2938 74
2939 74
2940 74
2941 74
2942 74
2943 74
2944 74
2945 74
2946 74
2947 74
2948 74
2949 74
2950 74
2951 74
2952 74
2953 74
2954 74
2955 74
2956 74
2957 74
2958 74
2959 74
2960 74
2961 74
2962 74
2963 74
2964 74
2965 74
2966 74
2967 74
2968 74
2969 74
2970 74
2971 74
2972 74
2973 74
2974 74
2975 74
2976 74
2977 74
2978 74
2979 74
2980 74
2981 74
2982 74
2983 74
2984 74
2985 74
2986 74
2987 74
2988 74
2989 74
2990 74
2991 74
2992 74
2993 74
2994 74
2995 74
2996 74
2997 74
2998 74
2999 74
3000 74
3001 74
3002 74
3003 74
3004 74
3005 74
3006 74
3007 74
3008 74
3009 74
3010 74
3011 74
3012 74
3013 74
3014 74
3015 74
3016 74
3017 74
3018 74
3019 74
3020 74
3021 74
3022 74
3023 74
3024 74
3025 74
3026 74
3027 74
3028 74
3029 74
3030 74
3031 74
3032 74
3033 74
3034 74
3035 74
3036 74
3037 74
3038 74
3039 74
3040 74
3041 74
3042 74
3043 74
3044 74
3045 74
3046 74
3047 74
3048 74
3049 74
3050 74
3051 74
3052 74
3053 74
3054 74
3055 74
3056 74
3057 74
3058 74
3059 74
3060 74
3061 74
3062 74
3063 74
3064 74
3065 74
3066 74
3067 74
3068 74
3069 74
3070 74
3071 74
3072 74
3073 74
3074 74
3075 74
3076 74
3077 74
3078 74
3079 74
3080 74
3081 74
3082 74
3083 74
3084 74
3085 74
3086 74
3087 74
3088 74
3089 74
3090 74
3091 74
3092 74
3093 74
3094 74
3095 74
3096 74
3097 74
3098 74
3099 74
3100 74
3101 74
3102 74
3103 74
3104 74
3105 74
3106 74
3107 74
3108 74
3109 74
3110 74
3111 74
3112 74
3113 74
3114 74
3115 74
3116 74
3117 74
3118 74
3119 74
3120 74
3121 74
3122 74
3123 74
3124 74
3125 74
3126 74
3127 74
3128 74
3129 74
3130 74
3131 74
3132 74
3133 74
3134 74
3135 74
3136 74
3137 74
3138 74
3139 74
3140 74
3141 74
3142 74
3143 74
3144 74
3145 74
3146 74
3147 74
3148 74
3149 74
3150 74
3151 74
3152 74
3153 74
3154 74
3155 74
3156 74
3157 74
3158 74
3159 74
3160 74
3161 74
3162 74
3163 74
3164 74
3165 74
3166 74
3167 74
3168 74
3169 74
3170 74
3171 74
3172 74
3173 74
3174 74
3175 74
3176 74
3177 74
3178 74
3179 74
3180 74
3181 74
3182 74
3183 74
3184 74
3185 74
3186 74
3187 74
3188 74
3189 74
3190 74
3191 74
3192 74
3193 74
3194 74
3195 74
3196 74
3197 74
3198 74
3199 74
3200 74
3201 74
3202 74
3203 74
3204 74
3205 74
3206 74
3207 74
3208 74
3209 74
3210 74
3211 74
3212 74
3213 74
3214 74
3215 74
3216 74
3217 74
3218 74
3219 74
3220 74
3221 74
3222 74
3223 74
3224 74
3225 74
3226 74
3227 74
3228 74
3229 74
3230 74
3231 74
3232 74
3233 74
3234 74
3235 74
3236 74
3237 74
3238 74
3239 74
3240 74
3241 74
3242 74
3243 74
3244 74
3245 74
3246 74
3247 74
3248 74
3249 74
3250 74
3251 74
3252 74
3253 74
3254 74
3255 74
3256 74
3257 74
3258 74
3259 74
3260 74
3261 74
3262 74
3263 74
3264 74
3265 74
3266 74
3267 74
3268 74
3269 74
3270 74
3271 74
3272 74
3273 74
3274 74
3275 74
3276 74
3277 74
3278 74
3279 74
3280 74
3281 74
3282 74
3283 74
3284 74
3285 74
3286 74
3287 74
3288 74
3289 74
3290 74
3291 74
3292 74
3293 74
3294 74
3295 74
3296 74
3297 74
3298 74
3299 74
3300 74
3301 74
3302 74
3303 74
3304 74
3305 74
3306 74
3307 74
3308 74
3309 74
3310 74
3311 74
3312 74
3313 74
3314 74
3315 74
3316 74
3317 74
3318 74
3319 74
3320 74
3321 74
3322 74
3323 74
3324 74
3325 74
3326 74
3327 74
3328 74
3329 74
3330 74
3331 74
3332 74
3333 74
3334 74
3335 74
3336 74
3337 74
3338 74
3339 74
3340 74
3341 74
3342 74
3343 74
3344 74
3345 74
3346 74
3347 74
3348 74
3349 74
3350 74
3351 74
3352 74
3353 74
3354 74
3355 74
3356 74
3357 74
3358 74
3359 74
3360 74
3361 74
3362 74
3363 74
3364 74
3365 74
3366 74
3367 74
3368 74
3369 74
3370 74
3371 74
3372 74
3373 74
3374 74
3375 74
3376 74
3377 74
3378 74
3379 74
3380 74
3381 74
3382 74
3383 74
3384 74
3385 74
3386 74
3387 74
3388 74
3389 74
3390 74
3391 74
3392 74
3393 74
3394 74
3395 74
3396 74
3397 74
3398 74
3399 74
3400 74
3401 74
3402 74
3403 74
3404 74
3405 74
3406 74
3407 74
3408 74
3409 74
3410 74
3411 74
3412 74
3413 74
3414 74
3415 74
3416 74
3417 74
3418 74
3419 74
3420 74
3421 74
3422 74
3423 74
3424 74
3425 74
3426 74
3427 74
3428 74
3429 74
3430 74
3431 74
3432 74
3433 74
3434 74
3435 74
3436 74
3437 74
3438 74
3439 74
3440 74
3441 74
3442 74
3443 74
3444 74
3445 74
3446 74
3447 74
3448 74
3449 74
3450 74
3451 74
3452 74
3453 74
3454 74
3455 74
3456 74
3457 74
3458 74
3459 74
3460 74
3461 74
3462 74
3463 74
3464 74
3465 74
3466 74
3467 74
3468 74
3469 74
3470 74
3471 74
3472 74
3473 74
3474 74
3475 74
3476 74
3477 74
3478 74
3479 74
3480 74
3481 74
3482 74
3483 74
3484 74
3485 74
3486 74
3487 74
3488 74
3489 74
3490 74
3491 74
3492 74
3493 74
3494 74
3495 74
3496 74
3497 74
3498 74
3499 74
3500 74
3501 74
3502 74
3503 74
3504 74
3505 74
3506 74
3507 74
3508 74
3509 74
3510 74
3511 74
3512 74
3513 74
3514 74
3515 74
3516 74
3517 74
3518 74
3519 74
3520 74
3521 74
3522 74
3523 74
3524 74
3525 74
3526 74
3527 74
3528 74
3529 74
3530 74
3531 74
3532 74
3533 74
3534 74
3535 74
3536 74
3537 74
3538 74
3539 74
3540 74
3541 74
3542 74
3543 74
3544 74
3545 74
3546 74
3547 74
3548 74
3549 74
3550 74
3551 74
3552 74
3553 74
3554 74
3555 74
3556 74
3557 74
3558 74
3559 74
3560 74
3561 74
3562 74
3563 74
3564 74
3565 74
3566 74
3567 74
3568 74
3569 74
3570 74
3571 74
3572 74
3573 74
3574 74
3575 74
3576 74
3577 74
3578 74
3579 74
3580 74
3581 74
3582 74
3583 74
3584 74
3585 74
3586 74
3587 74
3588 74
3589 74
3590 74
3591 74
3592 74
3593 74
3594 74
3595 74
3596 74
3597 74
3598 74
3599 74
3600 74
3601 74
3602 74
3603 74
3604 74
3605 74
3606 74
3607 74
3608 74
3609 74
3610 74
3611 74
3612 74
3613 74
3614 74
3615 74
3616 74
3617 74
3618 74
3619 74
3620 74
3621 74
3622 74
3623 74
3624 74
3625 74
3626 74
3627 74
3628 74
3629 74
3630 74
3631 74
3632 74
3633 74
3634 74
3635 74
3636 74
3637 74
3638 74
3639 74
3640 74
3641 74
3642 74
3643 74
3644 74
3645 74
3646 74
3647 74
3648 74
3649 74
3650 74
3651 74
3652 74
3653 74
3654 74
3655 74
3656 74
3657 74
3658 74
3659 74
3660 74
3661 74
3662 74
3663 74
3664 74
3665 74
3666 74
3667 74
3668 74
3669 74
3670 74
3671 74
3672 74
3673 74
3674 74
3675 74
3676 74
3677 74
3678 74
3679 74
3680 74
3681 74
3682 74
3683 74
3684 74
3685 74
3686 74
3687 74
3688 74
3689 74
3690 74
3691 74
3692 74
3693 74
3710 85
3711 85
3712 85
3713 85
3714 85
3715 85
3716 85
3717 85
3718 85
3719 85
3720 85
3721 85
3722 85
3723 85
3724 85
3725 85
3726 85
3727 85
3728 85
3729 85
3730 85
3731 85
3732 85
3733 85
3734 85
3735 85
3736 85
3737 85
3738 85
3739 85
3740 85
3741 85
3742 85
3743 85
3744 85
3745 85
3746 85
3747 85
3748 85
3749 85
3750 85
3751 85
3752 85
3753 85
3754 85
3755 85
3756 85
3757 85
3758 85
3759 85
3760 85
3761 85
3762 85
3763 85
3764 85
3765 85
3766 85
3767 85
3795 85
3796 85
3797 85
3798 85
3799 85
3800 85
3801 85
3802 85
3803 85
3804 85
3805 85
3806 85
3807 85
3808 85
3809 85
3894 74
3895 74
3896 74
3897 74
3898 74
3899 74
3900 74
3901 74
3902 74
3903 74
3904 74
3905 74
3906 74
3907 74
3908 74
3909 74
3923 74
3924 74
3925 74
3926 74
3927 74
3928 74
3929 74
3930 74
3931 74
3932 74
3933 74
3934 74
3935 74
3936 74
3937 74
3938 74
3939 74
3940 74
3966 78
3967 78
3968 78
3969 78
3970 78
3971 78
3972 78
3973 78
3974 78
3975 78
3976 78
3977 78
3978 78
3979 78
3980 78
3981 78
3982 78
4015 78
4016 78
4017 78
4018 78
4019 78
4020 78
4021 78
4022 78
4023 78
4024 78
4025 78
4026 78
4027 78
4028 78
4029 78
4030 78
4031 78
4032 78
4033 78
4034 78
4035 78
4036 78
4037 78
4038 78
4039 78
4040 78
4053 78
4054 78
4055 78
4056 78
4057 78
4058 78
4059 78
4060 78
4061 78
4062 78
4063 78
4064 78
4065 78
4066 78
4067 78
4068 78
4069 78
4070 78
4071 78
4072 78
4073 78
4074 78
4075 78
4076 78
4077 78
4078 78
4079 78
4080 78
4081 78
4082 78
4097 78
4098 78
4099 78
4100 78
4101 78
4102 78
4103 78
4104 78
4105 78
4106 78
4107 78
4108 78
4109 78
4110 78
4111 78
4112 78
4113 78
4114 78
4115 78
4116 78
4117 78
4118 78
4119 78
4120 78
4121 78
4122 78
4123 78
4124 78
4125 78
4126 78
4127 78
4128 78
4129 78
4130 78
4131 78
4132 78
4133 78
4134 78
4135 78
4136 78
4137 78
4182 78
4183 78
4184 78
4185 78
4186 78
4187 78
4188 78
4189 78
4222 74
4223 74
4224 74
4225 74
4226 74
4227 74
4228 74
4229 74
4230 74
4231 74
4232 74
4233 74
4234 74
4235 74
4236 74
4237 74
4337 74
4338 74
4339 74
4340 74
4341 74
4342 74
4343 74
4344 74
4345 74
4346 74
4347 74
4348 74
4349 74
4350 74
4351 74
4352 74
4353 74
4354 74
4355 74
4356 74
4357 74
4358 74
4359 74
4392 74
4393 74
4394 74
4395 74
4396 74
4397 74
4398 74
4399 74
4400 74
4401 74
4402 74
4403 74
4404 74
4579 74
4580 74
4581 74
4582 74
4583 74
4584 74
4585 74
4586 74
4587 74
4588 74
4589 74
4620 74
4621 74
4622 74
4623 74
4624 74
4625 74
4626 74
4627 74
4628 74
4629 74
4630 74
4631 74
4632 74
4633 74
4661 74
4662 74
4663 74
4664 74
4665 74
4666 74
4667 74
4668 74
4669 74
4670 74
4671 74
4672 74
4673 74
4674 74
4714 74
4715 74
4716 74
4717 74
4718 74
4719 74
4720 74
4721 74
4722 74
4723 74
4827 74
4828 74
4829 74
4830 74
4831 74
4832 74
4833 74
4834 74
4835 74
4836 74
4837 74
4838 74
4839 74
4857 74
4858 74
4859 74
4860 74
4861 74
4862 74
4863 74
4864 74
4865 74
4866 74
4867 74
4868 74
4869 74
4870 74
4871 74
4889 74
4890 74
4891 74
4892 74
4893 74
4894 74
4895 74
4896 74
4897 74
4898 74
4899 74
4900 74
4901 74
4902 74
4923 74
4924 74
4925 74
4926 74
4927 74
4928 74
4929 74
4930 74
4931 74
4932 74
4933 74
4934 74
4935 74
4936 74
4969 74
4970 74
4971 74
4972 74
4973 74
4974 74
4975 74
4976 74
4977 74
4978 74
4979 74
5034 74
5035 74
5036 74
5037 74
5038 74
5039 74
5040 74
5077 85
5078 85
5079 85
5080 85
5081 85
5082 85
5083 85
5084 85
5085 85
5086 85
5087 85
5088 85
5089 85
5090 85
5118 85
5119 85
5120 85
5121 85
5122 85
5123 85
5124 85
5125 85
5126 85
5127 85
5128 85
5129 85
5130 85
5131 85
5132 85
5220 85
5221 85
5222 85
5223 85
5224 85
5225 85
5226 85
5227 85
5228 85
5229 85
5230 85
5231 85
5244 85
5245 85
5246 85
5247 85
5248 85
5249 85
5250 85
5251 85
5252 85
5253 85
5254 85
5255 85
5256 85
5257 85
5277 85
5278 85
5279 85
5280 85
5281 85
5282 85
5283 85
5284 85
5285 85
5286 85
5287 85
5288 85
5289 85
5290 85
5335 85
5336 85
5337 85
5338 85
5339 85
5340 85
5341 85
5342 85
5343 85
5344 85
5345 85
5370 85
5371 85
5372 85
5373 85
5374 85
5375 85
5376 85
5377 85
5378 85
5379 85
5380 85
5381 85
5382 85
5417 85
5418 85
5419 85
5420 85
5421 85
5422 85
5423 85
5424 85
5425 85
5426 85
5427 85
5428 85
5448 85
5449 85
5450 85
5451 85
5452 85
5453 85
5454 85
5455 85
5456 85
5457 85
5458 85
5459 85
5471 85
5472 85
5473 85
5474 85
5475 85
5476 85
5477 85
5478 85
5479 85
5480 85
5481 85
5482 85
5483 85
5521 85
5522 85
5523 85
5524 85
5525 85
5526 85
5527 85
5528 85
5529 85
5541 85
5542 85
5543 85
5544 85
5545 85
5546 85
5547 85
5548 85
5549 85
5569 75
5570 75
5571 75
5572 75
5573 75
5574 75
5575 75
5576 75
5577 75
5578 75
5579 75
5580 75
5581 75
5582 75
5583 75
5584 75
5585 75
5586 75
5587 75
5588 75
5589 75
5590 75
5591 75
5592 75
5593 75
5594 75
5595 75
5596 75
5597 75
5632 75
5633 75
5634 75
5635 75
5636 75
5637 75
5638 75
5639 75
5640 75
5641 75
5642 75
5643 75
5644 75
5645 75
5646 75
5684 75
5685 75
5686 75
5687 75
5688 75
5689 75
5690 75
5691 75
5692 75
5693 75
5694 75
5695 75
5696 75
5697 75
5711 75
5712 75
5713 75
5714 75
5715 75
5716 75
5717 75
5718 75
5719 75
5720 75
5721 75
5722 75
5723 75
5724 75
5725 75
5726 75
5727 75
5762 75
5763 75
5764 75
5765 75
5766 75
5767 75
5768 75
5769 75
5770 75
5771 75
5772 75
5773 75
5786 75
5787 75
5788 75
5789 75
5790 75
5791 75
5792 75
5793 75
5794 75
5795 75
5796 75
5797 75
5798 75
5799 75
5800 75
5905 75
5906 75
5907 75
5908 75
5909 75
5910 75
5911 75
5912 75
5913 75
5914 75
5915 75
5916 75
5917 75
5918 75
5919 75
5932 75
5933 75
5934 75
5935 75
5936 75
5937 75
5938 75
5939 75
5940 75
5941 75
5942 75
5943 75
5944 75
5945 75
5946 75
5947 75
5948 75
5949 75
5950 75
5951 75
5952 75
5953 75
5954 75
6049 75
6050 75
6051 75
6052 75
6053 75
6054 75
6055 75
6056 75
6057 75
6058 75
6059 75
6060 75
6061 75
6077 75
6078 75
6079 75
6080 75
6081 75
6082 75
6083 75
6084 75
6085 75
6086 75
6087 75
6088 75
6089 75
6090 75
6091 75
6092 75
6093 75
6094 75
6095 75
6096 75
6097 75
6098 75
6099 75
6100 75
6101 75
6102 75
6103 75
6104 75
6105 75
6159 75
6160 75
6161 75
6162 75
6163 75
6164 75
6165 75
6166 75
6167 75
6168 75
6169 75
6170 75
6171 75
6172 75
6173 75
6174 75
6175 75
6303 75
6304 75
6305 75
6306 75
6307 75
6308 75
6309 75
6310 75
6311 75
6312 75
6313 75
6314 75
6315 75
6316 75
6317 75
6318 75
6319 75
6320 75
6321 75
6322 75
6323 75
6324 75
6325 75
6326 75
6327 75
6348 75
6349 75
6350 75
6351 75
6352 75
6353 75
6354 75
6355 75
6356 75
6357 75
6358 75
6359 75
6360 75
6361 75
6362 75
6363 75
6364 75
6365 75
6366 75
6367 75
6368 75
6369 75
6370 75
6371 75
6372 75
6373 75
6374 75
6375 75
6376 75
6414 75
6415 75
6416 75
6417 75
6418 75
6419 75
6420 75
6421 75
6422 75
6423 75
6424 75
6425 75
6426 75
6427 75
6428 75
6429 75
6430 75
6431 75
6432 75
6433 75
6434 75
6435 75
6499 73
6500 73
6501 73
6502 73
6503 73
6504 73
6505 73
6506 73
6507 73
6508 73
6509 73
6510 73
6511 73
6512 73
6513 73
6514 73
6515 73
6516 73
6517 73
6518 73
6519 73
6520 73
6521 73
6522 73
6523 73
6524 73
6525 73
6526 73
6527 73
6528 73
6529 73
6541 73
6542 73
6543 73
6544 73
6545 73
6546 73
6547 73
6548 73
6549 73
6550 73
6551 73
6552 73
6553 73
6554 73
6555 73
6556 73
6557 73
6558 73
6559 73
6560 73
6561 73
6562 73
6563 73
6564 73
6565 73
6566 73
6567 73
6568 73
6569 73
6570 73
6571 73
6572 73
6573 73
6574 73
6575 73
6576 73
6577 73
6578 73
6579 73
6580 73
6581 73
6582 73
6583 73
6584 73
6585 73
6586 73
6587 73
6588 73
6589 73
6590 73
6591 73
6592 73
6615 75
6616 75
6617 75
6618 75
6619 75
6620 75
6621 75
6622 75
6623 75
6624 75
6625 75
6626 75
6627 75
6628 75
6629 75
6630 75
6631 75
6632 75
6633 75
6634 75
6635 75
6636 75
6637 75
6638 75
6639 75
6640 75
6641 75
6642 75
6687 73
6688 73
6689 73
6690 73
6691 73
6692 73
6693 73
6694 73
6695 73
6696 73
6697 73
6698 73
6699 73
6700 73
6701 73
6702 73
6703 73
6704 73
6705 73
6706 73
6707 73
6708 73
6709 73
6710 73
6711 73
6712 73
6713 73
6755 73
6756 73
6757 73
6758 73
6759 73
6760 73
6761 73
6762 73
6763 73
6764 73
6765 73
6766 73
6767 73
6768 73
6769 73
6770 73
6771 73
6772 73
6773 73
6774 73
6775 73
6776 73
6777 73
6778 73
6779 73
6780 73
6805 75
6806 75
6807 75
6808 75
6809 75
6810 75
6811 75
6812 75
6813 75
6814 75
6815 75
6816 75
6817 75
6818 75
6819 75
6820 75
6821 75
6822 75
6823 75
6824 75
6825 75
6826 75
6827 75
6828 75
6829 75
6830 75
6831 75
6832 75
6833 75
6834 75
6908 73
6909 73
6910 73
6911 73
6912 73
6913 73
6914 73
6915 73
6916 73
6917 73
6918 73
6919 73
6920 73
6921 73
6922 73
6923 73
6924 73
6925 73
6926 73
6927 73
6928 73
6929 73
6946 73
6947 73
6948 73
6949 73
6950 73
6951 73
6952 73
6953 73
6954 73
6955 73
6956 73
6957 73
6958 73
6959 73
6960 73
6961 73
6962 73
6963 73
6964 73
6965 73
6966 73
6967 73
6968 73
6969 73
6970 73
6971 73
6972 73
6973 73
6974 73
7014 75
7015 75
7016 75
7017 75
7018 75
7019 75
7020 75
7021 75
7022 75
7023 75
7024 75
7025 75
7026 75
7027 75
7028 75
7029 75
7030 75
7031 75
7032 75
7033 75
7034 75
7052 75
7053 75
7054 75
7055 75
7056 75
7057 75
7058 75
7059 75
7060 75
7061 75
7062 75
7063 75
7064 75
7065 75
7066 75
7067 75
